,Ativo,Preço,Volume (21d),Dividendo,Dividend Yield,Dividend Yield 3M (média),Dividend Yield 6M (média),Dividend Yield 12M (média),Dividend Yield no Ano,Variação Preço,Rentabilidade no Período,Rentabilidade Acumulada,Patrimônio Líquido,Valor Patrimonial,P/VPA,Vacância Física,Qtd Ativos
0,AEFI11,16398.0,1359.0,0.051882020285869926,0.45866301165036444,0.4860041088854648,0.8816067653276956,0.8903171425561057,0.9334783830770673,0.6689594108691193,0.6818347750178557,0.6581669174228013,0.02420850403869568,132.2058,0.7465159755268524,0.0,0.07142857142857142
1,BCRI11,10400.0,2242.0,0.028102760988179546,0.3889477291134509,0.3789162814586543,0.6998942917547569,0.8495416710567906,0.9071091724877418,0.32208916867326776,0.3337248366531757,0.23011293967934143,0.032584516265851925,97.3085,0.6007817811012917,0.152384721947358,0.0
2,BNFS11,12750.0,206.0,0.032685672780098055,0.36539779452993587,0.4251412429378531,0.6948202959830867,0.6863344220840796,0.7499661666267606,1.0,1.0,0.4887457995585809,0.0072589909364547895,89.3391,0.90525152957172,0.152384721947358,0.0
3,BBFI11B,2.864,203.0,1.0,0.49199426826988973,0.5312018489984591,0.9061310782241014,0.9202402275840269,0.9990943066240541,0.7727861701093823,0.7872867232759305,0.6863355581036209,0.17612628603124303,3312.6437,0.42726036709721277,0.152384721947358,0.0
4,BBPO11,14561.0,13685.0,0.04240922808200818,0.4113762382406081,0.4135208012326656,0.7140591966173362,0.7675692761563586,0.7943243215107382,0.33510058200429754,0.3483956299764569,0.6289742638042909,0.6837711019535069,96.5619,0.9739123045547247,0.152384721947358,0.0
5,BBRC11,14496.0,1097.0,0.03458801352391329,0.34614665752912593,0.36414997431946583,0.6239957716701904,0.6781161099989462,0.7127910971382172,0.67131334290743,0.6743433060868186,0.6917174254525209,0.04926737783396681,96.9243,0.9634602311352821,0.152384721947358,0.0
6,RNDP11,95997.0,38.0,0.24533710342680745,0.372126347268083,0.4026065742167437,0.7501057082452431,0.8686123696133179,0.918789493956839,0.41496150565267625,0.42390286485199585,0.2206201077699053,0.029793577150546046,1038.8766,0.47773623385452074,0.152384721947358,0.0
7,BCIA11,11900.0,118.0,0.030264511833424126,0.36645691857205154,0.3745505906522856,0.6375264270613108,0.6802233695079548,0.7303948614913751,0.3934089902927298,0.4021903023569558,0.32729475002816866,0.07218035751664179,120.7712,0.5298266485384092,0.152384721947358,0.0
8,CARE11,200.0,250748.0,0.0,0.0,0.0,0.0,0.0,0.0,0.5261685976827807,0.5019284183794938,0.22207493521212643,0.010246280794079972,1.3202,0.9799456152277363,0.152384721947358,0.0
9,CXRI11,1.067,47.0,0.32426262678668705,0.43791664070774405,0.45287621982537235,0.7547568710359408,0.779264566431356,0.8373707825398973,0.5110300072345617,0.5241806205856678,0.46335756941084455,0.06163643800393344,1149.1111,0.48156016315431677,0.152384721947358,0.0
10,CPTS11B,9900.0,1054.0,0.03674976436915787,0.5354806554108779,0.5016692347200822,0.8374207188160677,0.0,1.0,0.5207156817224735,0.5420098933947042,0.36830331992285104,0.024779439809391412,100.7294,0.5277022433718559,0.152384721947358,0.0
11,CBOP11,76250.0,131.0,0.20320457945299056,0.391439785683135,0.39470980996404725,0.6861522198731501,0.7135180697502898,0.7634266440416827,0.30508794851583504,0.3171653043409253,0.531724517322057,0.0261942482459789,733.6642,0.575713800135962,0.20581832574708095,0.03571428571428571
12,ATSA11B,1.179,20.0,0.06485252535733742,0.07924739891595539,0.08166409861325115,0.23816067653276957,0.16952902749973656,0.2010431089226413,0.5215957067734934,0.5041716265904823,0.5124339693922865,0.08387490843508312,1338.322,0.44119646498980286,0.4591331882050267,0.03571428571428571
13,HGBS11,2.285,493.0,0.4453206741203836,0.27848732166220175,0.2934643040575244,0.545031712473573,0.5968812559266673,0.6356718266898469,0.19615920355033417,0.20075126312726502,0.5472321825062799,0.5096109424362825,2153.6918,0.5941536369816451,0.132594498317831,0.2857142857142857
14,GRLV11,1.145,163.0,0.3069686200247304,0.382966793346209,0.3969568567026194,0.701585623678647,0.734590664840375,0.7951987840806172,0.5969701223396788,0.6042589212496363,0.8349450214413066,0.033145604884627033,1108.1799,0.5705302515295717,0.1385315654066891,0.03571428571428571
15,HGJH11,1.399,222.0,0.32426262678668705,0.3255871908292318,0.3436055469953775,0.5902748414376322,0.6176377620904014,0.6659344777688712,0.7617561628748205,0.7616485464116605,0.7605002750584914,0.05692066698462328,1035.1069,0.8410944935418083,0.152384721947358,0.07142857142857142
16,HGLG11,1.285,442.0,0.37614464707255696,0.40969410005607126,0.428608115048793,0.7225158562367865,0.7425982509746074,0.7977701204468087,0.6944909352020818,0.7027484591170013,0.6620691026465266,0.1537374282631196,1122.7263,0.6651087695445276,0.4492380763902632,0.2857142857142857
17,HGRE11,1.508,715.0,0.4064091589059811,0.3868294810292194,0.38694144838212635,0.6591966173361523,0.7176272257928564,0.7616464880958578,0.2778233687142996,0.28990291775784993,0.6598437800327419,0.4821980876696686,1486.9581,0.5543847722637661,0.4096576291312092,0.7142857142857143
18,HGCR11,10000.0,376.0,0.03156156234057087,0.44501900193134386,0.44851052901900357,0.7704016913319239,0.8736697924349384,0.9084000458051823,0.4485860210990055,0.4631484273734889,0.45762110858513894,0.027528967921656305,101.9234,0.5262576478585996,0.152384721947358,0.0
21,VRTA11,10575.0,4032.0,0.030264511833424126,0.4118746495545449,0.41936312275295323,0.7401691331923891,0.8337372247392266,0.8882041245484545,0.4255973912386218,0.4376954209983335,0.1363759883878921,0.08594655543038997,104.4094,0.5531951053704962,0.152384721947358,0.0
22,BRCR11,10012.0,30421.0,0.018029002049339802,0.2590492804186655,0.2532742681047766,0.4455602536997886,0.6288062374881467,0.4788619494269147,0.5477859001630475,0.5451948258074756,0.37431483923991066,0.9301175391637161,107.8952,0.481050305914344,0.6550564021373442,0.35714285714285715
23,BCFF11B,7891.0,17601.0,0.021401333367921348,0.40128340913338734,0.43721109399075503,0.7355179704016913,0.7718891581498262,0.7526728364859098,0.8461575838723262,0.8515937888527366,0.5158324330414842,0.21627472690761024,87.0953,0.46244051665533653,0.152384721947358,0.0
26,PRSV11,42000.0,63.0,0.07566127958356031,0.2495171640396237,0.2620056497175141,0.3922832980972516,0.3923717205773891,0.3820256300815124,0.48935871548736115,0.48689786524878975,0.10671772370871638,0.03643141218878063,646.8155,0.24430659415363698,0.152384721947358,0.07142857142857142
27,WPLZ11B,7600.0,336.0,0.002356308421316593,0.042240358856146035,0.04365690806368772,0.10221987315010571,0.2299020124328311,0.14378663113294954,0.1808910388614743,0.16693384122953203,0.3731615819508607,0.015076733373655428,80.4364,0.4954112848402447,0.132594498317831,0.03571428571428571
28,TBOF11,7300.0,6750.0,0.0075099224363796725,0.1512055323655847,0.15286337955829482,0.2977801268498943,0.34264039616478764,0.33533557501119104,0.3544827288335079,0.3461206782530487,0.47977822994889874,0.27180315089452195,63.6025,0.667912984364378,0.8668117949732831,0.03571428571428571
29,VLOL11,9015.0,2048.0,0.016619540498240336,0.26316117375864434,0.2824216743708269,0.5109936575052855,0.542724686545148,0.5565641949218709,0.8400621956355077,0.8331666798931303,0.6805477309331442,0.04551582235139479,81.7623,0.6295037389530931,0.22184840688699783,0.03571428571428571
31,BBVJ11,5830.0,1507.0,0.0012970505071467483,0.03245903682013582,0.0826271186440678,0.309830866807611,0.35918238331050467,0.35999750153551463,0.14301756810746022,0.12902679681506757,0.37595690529371606,0.07385034483332452,76.6409,0.33897008837525494,0.9754601226993864,0.0
32,BMLC11B,8355.0,774.0,0.021928800574161023,0.37841879010653545,0.4080636877247047,0.6058139534883722,0.6166894953113476,0.5798623762479309,0.25008908229044063,0.2618786868767029,0.2639567329679143,0.026273862548872474,104.1532,0.3742352141400408,0.31862260043538493,0.07142857142857142
33,BPFF11,9700.0,1526.0,0.02896746132627738,0.42726309887234437,0.44241140215716485,0.7465116279069768,0.7877989674428406,0.831593083417483,0.5096424830743648,0.5219056688622596,0.7112681190638733,0.06679333269986244,96.1568,0.5497960571040109,0.152384721947358,0.0
34,CXCE11B,2.352,9.0,0.772237930945031,0.4635848233754906,0.46539548022598864,0.7976744186046513,0.8121378147718892,0.8786683184292987,0.32180842448521235,0.33954448059677805,0.3965150420541236,0.04970583463678029,2263.133,0.575713800135962,0.152384721947358,0.0
35,CXTL11,56500.0,42.0,0.02535301391302844,0.0641081552551243,0.21199280945043655,0.4301268498942918,0.6126857022442314,0.6771151063408947,0.6225772316463487,0.6019416448430018,0.4318534302776434,0.003085237842171307,997.0553,0.1741162474507138,0.152384721947358,0.0
36,CTXT11,523.0,10693.0,0.0014872845815282715,0.41879010653541837,0.4478685156651258,0.7864693446088795,0.83458012854283,0.8956891077358706,0.803322499487102,0.8109091871015529,1.0,0.035206602807950495,3.3992,1.0,0.10290916287354047,0.03571428571428571
37,FLMA11,268.0,14948.0,0.00047126168426331853,0.2841567503582331,0.3033513097072419,0.5329809725158563,0.556316510378253,0.5343799123455377,0.4372968653831618,0.4385736581752771,0.426915633264182,0.06268583078066106,2.6561,0.5499660095173351,0.152384721947358,0.0
39,EURO11,19900.0,135.0,0.05404377113111451,0.3893838390131456,0.3382768361581921,0.4896405919661734,0.4737119376251185,0.5072403418732238,0.306070553174029,0.31796418273681987,0.3724490810395223,0.033994518301667755,314.6799,0.22994561522773624,0.0,0.21428571428571427
41,ABCP11,1614.0,180679.0,0.003458801352391329,0.3061491495856956,0.30726759116589625,0.5002114164904863,0.5684332525550521,0.6085947178296671,0.7506937620800985,0.7490252096394465,0.8825500241918914,0.2917353787074584,11.1875,0.9185078178110129,0.019790223629527013,0.03571428571428571
42,GWIR11,21100.0,18.0,0.05274672062396776,0.3623450252320728,0.3592706728299948,0.5760042283298098,0.5648509113897376,0.5355146316326425,0.5207696709894073,0.5273761341692459,0.0,0.015168227843797266,208.8345,0.551155676410605,0.152384721947358,0.0
43,FIIB11,39000.0,436.0,0.10289934023364203,0.3782318858638091,0.3911787365177195,0.6599365750528541,0.7042461279106521,0.6597507781675845,0.5399790521644298,0.5476655291908049,0.5566073689164022,0.09092002834545293,357.5275,0.6194765465669613,0.1622798337621215,0.03571428571428571
44,FMOF11,10700.0,40.0,0.008647003380978322,0.11644134321849108,0.1405367231638418,0.23932346723044398,0.22695184912021915,0.2568837901706243,0.3789236699744091,0.3672565669391318,0.28081152196822573,0.009509558134788829,132.7602,0.3774643099932019,0.9871363546408075,0.03571428571428571
45,MBRF11,1.09,98.0,0.0,0.0,0.3082306111967129,0.6626849894291755,0.7635654830892424,0.7293746551598497,0.5245273239679952,0.5003200804168981,0.7119342245670315,0.03825777497282014,1279.8063,0.4162984364377974,0.0,0.07142857142857142
47,FPAB11,34500.0,38.0,0.07998478127404948,0.33798517226341035,0.3401386748844376,0.5942917547568711,0.601727952797387,0.6517036404709605,0.34263748366824676,0.349802925693728,0.5452686625529404,0.10394708086612084,364.4046,0.49702583276682527,0.4664555709479517,0.03571428571428571
48,FFCI11,18500.0,1622.0,0.051882020285869926,0.3997881751915769,0.4208397534668721,0.8396405919661734,0.7658834685491518,0.7622502836798217,0.6635496863223591,0.6713647065047748,0.7121330620306607,0.10091580595430831,192.4821,0.5092624065261727,0.20383930338412826,0.25
49,RNGO11,9350.0,3776.0,0.022482208790543638,0.34832720702759956,0.3613893168977914,0.6184989429175476,0.6626277526077337,0.6995388250970757,0.5319778428048504,0.5372377853609502,0.5139699887988228,0.09389166209777433,93.9402,0.5383242692046227,0.3087274886206214,0.07142857142857142
50,SCPF11,1350.0,1021.0,0.003121568220533174,0.34944863248395736,0.3694786851566512,0.6321353065539113,0.0,0.7511008859138654,0.4721793307490471,0.4784011850911304,0.6596333437170675,0.0,11.1223,0.7239972807613868,0.152384721947358,0.0
51,SHPH11,90990.0,72.0,0.15132255916712062,0.24229019998753973,0.2464689265536723,0.4068710359408034,0.44062796333368454,0.4371063617151959,0.4088013302955373,0.4070417691717589,0.46900455337791713,0.14094557259782253,612.0048,0.9559823249490143,0.03166435780724322,0.03571428571428571
52,ONEF11,1.2605,60.0,0.2810276098817955,0.3360538284219052,0.3497046738572162,0.6009513742071882,0.6178484880413023,0.59421813677011,0.24988392307609245,0.2582705076316694,0.8332416471695487,0.022567769149465657,1052.7802,0.7099762066621346,0.0,0.03571428571428571
53,FIVN11,600.0,2.0,0.0,0.0,0.0,0.0,0.0,0.0,0.5261685976827807,0.5019284183794938,0.22207493521212643,0.0501733609420921,16.5825,0.0,0.152384721947358,0.0
54,RBBV11,6480.0,4142.0,0.021587243940612382,0.480094698149648,0.3355803800719055,0.4372093023255814,0.4751870192814245,0.5236677458645208,0.5512790057336602,0.5674946432822792,0.16288930718399758,0.03616445863465972,100.1042,0.24260707002039428,0.152384721947358,0.0
55,JSRE11,9800.0,12371.0,0.025076309804837132,0.36645691857205154,0.3883538777606574,0.7515856236786469,0.815825518912654,0.8725366701714572,0.4505836239755536,0.4585456180726397,0.41749405144587975,0.30446962310911946,110.0914,0.44901427600271926,0.039580447259054026,0.07142857142857142
57,KNRI11,16631.0,14762.0,0.039776215552500285,0.3411625443897576,0.3498330765279918,0.6118393234672305,0.6327046675798125,0.681976701818674,0.4783880964464265,0.4838240351294871,0.5603919086408133,1.0,143.4257,0.6779401767505099,0.14822877498515732,0.5714285714285714
59,MXRF11,967.0,46272.0,0.0025941010142934966,0.3822191763753038,0.4209681561376476,0.6959830866807611,0.8462754188178274,0.901768704650267,0.6159635464469664,0.6229188159669868,0.5031747715026147,0.1280739655700993,10.3516,0.4864038069340585,0.152384721947358,0.0
61,DRIT11B,13500.0,9.0,0.025941010142934963,0.31150707121051646,0.3009116589625064,0.6522198731501058,0.776314403118744,0.8165606554305166,0.571535778687197,0.5730603391265243,0.6956196106762462,0.0054160975075621415,126.3178,0.6006968048946295,0.35820304769443895,0.21428571428571427
63,PORD11,10435.0,207.0,0.0,0.0,0.0,0.9293868921775899,1.0,0.5491624938839671,0.60026886654933,0.5745417030394414,0.3271704766134003,0.026277367620371687,103.9947,0.5452073419442556,0.152384721947358,0.0
64,RBDS11,39500.0,15.0,0.2740365076482745,1.0,1.0,1.0,0.6545148034980507,0.7689753172529383,0.45746725550960465,0.5184403354231145,0.25565029792479965,0.011427070953323121,566.0881,0.28552005438477224,0.152384721947358,0.0
65,RBGS11,4500.0,1387.0,0.006835456172663363,0.21412996075010904,0.17700308166409862,0.32642706131078225,0.4860394057528184,0.5186083552816498,0.7715768105300667,0.7614210512393197,0.8380137462966523,0.024101960824560717,92.0711,0.10791978246091094,0.2948743320799525,0.03571428571428571
66,FIIP11B,19102.0,490.0,0.05470959039144985,0.41056631985546077,0.4171160760143811,0.6898520084566596,0.8413233589716573,0.9157392852309518,0.6118657610866959,0.6213263497606011,0.5601748444096848,0.05445555761026687,178.4144,0.6023963290278722,0.152384721947358,0.25
68,RDES11,6600.0,204.0,0.011020605809056871,0.24540527069964488,0.2632254750898818,0.43266384778012684,0.4123906859129702,0.4461424749372781,0.41982593860340567,0.4181519985186361,0.4968053447510224,0.008190946658565821,87.0201,0.33701563562202586,1.0,0.14285714285714285
71,SAAG11,13200.0,5790.0,0.03674976436915787,0.39667310447947174,0.3929121725731895,0.6787526427061311,0.7007691497207881,0.7547757107610947,0.25718327196553326,0.27034891410734596,0.5181124359577669,0.2168366321538438,92.2286,0.9087355540448674,0.152384721947358,1.0
72,SDIL11,9505.0,1399.0,0.025941010142934963,0.3857703569871036,0.39470980996404725,0.6717758985200846,0.6796965546307028,0.7106361715195869,0.411646564662945,0.4217654683490728,0.5908040987029171,0.04263424584562494,97.0567,0.5247280761386812,0.2810211755392836,0.03571428571428571
73,SPTW11,7390.0,2696.0,0.023130734044117012,0.44439598778892286,0.4623780174627632,0.7774841437632136,0.816563059740807,0.8716101562581331,0.5624007947220092,0.5754305213871915,0.7482104628273363,0.040293207900886946,74.8316,0.5317811012916384,0.152384721947358,0.0
76,XPCM11,9810.0,3999.0,0.03372331318581546,0.49361410504018444,0.5069337442218798,0.8840380549682876,0.922242124117585,0.9959399952112764,0.5272645798015355,0.5449302965373118,0.5440640389191195,0.0657709569594765,78.7242,0.7514445955132563,0.0,0.03571428571428571
77,KNIP11,10511.0,8423.0,0.03329096301676654,0.4442090835461965,0.39657164869029277,0.6051797040169133,0.6732694131282267,0.7188811043213025,0.5766269665590481,0.5894452821204667,0.39068744739092104,0.45602420551512524,102.8429,0.5610129163834127,0.152384721947358,0.0
78,FAED11,21500.0,324.0,0.06073655174799174,0.41087782692667124,0.4348356445814073,0.6795983086680761,0.7446001475081656,0.7139049958879439,0.5567589163274341,0.566992037668968,0.41624800334046935,0.028848639004726753,170.6713,0.7630013596193066,0.0,0.10714285714285714
79,CNES11,10001.0,732.0,0.012758653488633512,0.17849355180362594,0.20152799178222908,0.38699788583509515,0.3954272468654515,0.3958816977066178,0.0,0.0,0.4132637844071661,0.11719701477545065,102.4622,0.5220088375254929,0.7836928557292697,0.03571428571428571
80,FLRP11,1.1,0.0,0.25250979273132895,0.33536851286524205,0.3218412942989214,0.531183932346723,0.6891792224212412,0.6715039715175048,0.22101046311993175,0.22976483347882443,0.82382172233011,0.007621316749552682,1227.1756,0.4542828008157716,0.07104690283000198,0.03571428571428571
81,FEXC11,9860.0,2787.0,0.028102760988179546,0.4249579465453866,0.32081407293271696,0.4363636363636364,0.5841323358971657,0.5422917165492042,0.6008357538521342,0.611681612570431,0.143728003605586,0.04699225661556358,102.0681,0.5134262406526172,0.152384721947358,0.0
82,EDGA11,4599.0,3603.0,0.002792982092055998,0.08715967852470251,0.14817668207498716,0.2521141649048626,0.33979559582762614,0.2842315660167189,0.32042090032501536,0.3074306271988996,0.008674284350828825,0.125151918389597,83.8201,0.15882053025152956,0.68869978230754,0.03571428571428571
83,NSLU11,24200.0,438.0,0.06754174340882167,0.40221793034701886,0.42366461222393426,0.7191331923890064,0.7313244126014119,0.7019644177016209,0.8314509075595772,0.8371716530434092,0.7122308237836118,0.0793592368374624,191.916,0.7641060503059144,0.0,0.03571428571428571
84,HTMX11,12100.0,4893.0,0.038483488547044024,0.4582892031649119,0.3120826913199794,0.545877378435518,0.4889895690654304,0.5372010951602662,0.4168781246288238,0.4329603470624025,0.34521497643776056,0.054064714913825036,147.0715,0.3916553365057784,0.7124480506629725,0.8571428571428571
85,MAXR11,1.9669999999999999,24.0,0.3261692910321928,0.24478225655722388,0.2804956343091936,0.6940803382663848,0.7768412179959961,0.5144234272686578,0.5829977000572286,0.5786260349707696,0.5775664945617954,0.024021458779408835,1672.3287,0.6920462270564242,0.0,0.2857142857142857
86,JRDM11,8200.0,4298.0,0.012594360424394926,0.22359977571490874,0.2627118644067796,0.5211416490486258,0.6604151301232747,0.5170988663217397,0.2395611752383626,0.2390551014469751,0.4746797059856705,0.06462414864629698,84.3815,0.518354860639021,0.05145458143677024,0.0
88,TRNT11,18255.0,0.0,0.015214402448831358,0.12672107656843812,0.23690292758089365,0.31575052854122626,0.3846802233695079,0.3539907765019415,0.8920484607659999,0.8719572520699417,0.37620213816552556,0.28400134493137014,169.1742,0.6095343303874915,0.5818325747080941,0.03571428571428571
89,FVBI11,10600.0,4764.0,0.018011708042577845,0.24260170705875025,0.2277221366204417,0.4026427061310783,0.48245706458750387,0.4319012273706784,0.5822472492468498,0.5776948919397932,0.6628197140717274,0.0737442062193702,96.4956,0.6260197144799456,0.2711260637245201,0.03571428571428571
90,FCFL11,2.23,77.0,0.4997708544104041,0.31854713101987414,0.3385336414997432,0.5791754756871037,0.6083658202507639,0.5934165460810544,0.9400881104836358,0.9366611115519933,0.8443666032596088,0.09012582341730423,1456.1382,0.9938817131203264,0.0,0.03571428571428571
91,THRA11,10600.0,1943.0,0.019460081108891712,0.2703258363964862,0.2926296866974833,0.44238900634249473,0.2537140448846275,0.30082553430704045,0.5920085087084688,0.589683358463614,0.7249663633290695,0.04042875985661688,91.5598,0.6763256288239293,0.0,0.03571428571428571
92,CEOC11,8450.0,1370.0,0.018893702387437632,0.3170518970780637,0.15427580893682588,0.1269556025369979,0.06332314824570645,0.07503721671056329,0.3386584746952305,0.3441737428246436,0.6619829397456206,0.04178824352039264,75.8971,0.6385961930659415,0.0,0.03571428571428571
93,GGRC11,12050.0,0.0,0.03631741420010895,0.4343031586817021,0.43862352336928606,0.6654334038054968,0.0,0.4505356083240508,0.3950232693740484,0.40939607967621616,0.5601847862828662,0.04747298715284622,106.2366,0.6564411964649898,0.0,0.17857142857142858
94,OUJP11,9700.0,1445.0,0.030264511833424126,0.45430191265341724,0.45756291730868,0.952325581395349,0.0,0.5627062534484015,0.47051106240079477,0.4855646377271645,0.2435162417068208,0.011889355021669731,100.8762,0.5096872875594833,0.152384721947358,0.0
95,HCRI11,35990.0,45.0,0.09674267382638546,0.3777957759641144,0.4192989214175655,0.7602536997885835,0.8118217258455378,0.7715050125443738,0.6155586269449633,0.6221358093273021,0.8623348820562445,0.005913641552461266,298.0234,0.7187287559483345,0.0,0.03571428571428571
96,RBRF11,9700.0,584.0,0.014051380494089773,0.20185658214441468,0.0,0.0,0.0,0.03372927055247296,0.5423653777629008,0.5349945771499617,0.2359057377864088,0.014088327024380115,95.5865,0.5548946295037389,0.152384721947358,0.0
97,RBRF11,9700.0,584.0,0.009010177522979411,0.12983614728054327,0.0,0.0,0.0,0.021694999947948657,0.5261685976827807,0.5129539983599185,0.22552807916382217,0.014088327024380115,95.5865,0.5548946295037389,0.152384721947358,0.0
98,VISC11,9949.0,0.0,0.02637336031198388,0.38078624384773535,0.0,0.0,0.0,0.06362756222738108,0.4102482426493613,0.41997725048276596,0.19640833261530918,0.12115374001997598,96.6744,0.5670462270564242,0.152384721947358,0.0