,Códigodo fundo,Setor,Preço Atual,Volume (21D),Dividendo,DividendYield,DY (3M)Média,DY (6M)Média,DY (12M)Média,DY Ano,Variação Preço,Rentab.Período,Rentab.Acumulada,PatrimônioLíq.,VPA,P/VPA,VacânciaFísica,QuantidadeAtivos
0,ABCP11,Shoppings,9435.0,4727.0,0.005043157792648628,0.30754566412484485,0.4658003826530613,0.44625090997330746,0.4779091474797759,0.0802716995105243,0.23773520711457222,0.26172850597430597,0.54636794715216,0.36611719246506813,0.00447672694930329,1.0,0.020066889632107024,0.024390243902439025
1,AEFI11,Outros,15990.0,1277.0,0.047328096207933275,0.3338801205887569,0.6080197704081634,0.6685270565396749,0.6957062850031114,0.08714518797949525,0.23773520711457222,0.26706495373281824,0.5478364921059528,0.03376465815834178,0.05506967091609843,0.10028414407976452,0.0,0.04878048780487805
2,AGCX11,Outros,1.19001,231.0,0.2909514111143439,0.2794378435892889,0.4828603316326531,0.5243872846396506,0.565739176815717,0.07293534986519168,0.23773520711457222,0.25603270146437873,0.5448005102822869,0.16715124388093763,0.394633857100504,0.11022067956374526,0.0955685618729097,1.0
4,ALZR11,Outros,9829.0,3911.0,0.025429153331393655,0.2935804220606491,0.548469387755102,0.5592493731294993,0.5767623788781225,0.9009708513174187,0.7384298418878945,0.7380109603809182,0.6115401921469928,0.026725474803980298,0.035061517936554994,0.0922872747690266,0.0,0.04878048780487805
5,ATSA11,Shoppings,11399.0,0.0,0.003879352148191252,0.04424543358751552,0.1483577806122449,0.10118903178840087,0.10880967197084185,0.01154838635022391,0.23773520711457222,0.20837301230796873,0.5316849699121344,0.06350918019159987,0.038923065520308324,0.10045429023531213,0.37290969899665555,0.024390243902439025
6,BBFI11B,Lajes Corporativas,2.28397,205.0,1.0,0.47836495832594433,0.9103156887755102,0.9873008169538138,0.9598186505467153,0.12485680232356311,0.23773520711457222,0.2963435450543527,0.5558937109685969,0.13312213621373112,1.0,0.06443434910588196,0.6453177257525085,0.04878048780487805
8,BBRC11,Outros,13600.0,1313.0,0.03569003976335952,0.2927824082284093,0.5453603316326531,0.5435573889832566,0.5648502089074584,0.07641838021731333,0.23773520711457222,0.25873686101877635,0.5455446719507914,0.053801568373012185,0.0366698784464868,0.1480271553264254,0.0955685618729097,0.4878048780487805
10,BCFF11,Títulos e Val. Mob.,8450.0,16001.0,0.020560566385413637,0.2780634864337649,0.5272640306122449,0.5378953328480143,0.5664503511423238,0.07257663245351138,0.23773520711457222,0.25575419998203214,0.5447238690473246,0.19746494614078472,0.030410613697005626,0.09002433090024331,0.0955685618729097,0.0
11,BCIA11,Títulos e Val. Mob.,10705.0,1918.0,0.027155465037338764,0.2870189749955666,0.5283003826530612,0.5235784194774731,0.55196017423771,0.07491408139413787,0.23773520711457222,0.25756895157667775,0.5452232732235304,0.07046360663194366,0.043170026682478504,0.07326493457880319,0.0955685618729097,0.0
12,BCRI11,Títulos e Val. Mob.,11100.0,3930.0,0.03879352148191252,0.39834190459301294,0.7708864795918368,0.7599288198657285,0.7137523335407592,0.1039701917402423,0.23773520711457222,0.2801275716467523,0.5514312132554724,0.037148353120025145,0.0363289356655796,0.10788967723274293,0.0955685618729097,0.0
13,BMLC11B,Lajes Corporativas,7799.0,348.0,0.016704490350111532,0.2447685759886505,0.4460299744897959,0.41349187090512013,0.4275935638723442,0.06388641386732086,0.23773520711457222,0.24900727697421615,0.5428671733229167,0.025037929395108748,0.033516157723095165,0.06290303370595342,0.4013377926421405,0.04878048780487805
14,BNFS11,Outros,12050.0,91.0,0.03042575889826399,0.26143819826210324,0.49824617346938777,0.5456604384049178,0.6025424482176193,0.06823730892512063,0.23773520711457222,0.2523852304375168,0.5437967573340717,0.013410180930453852,0.03354580492143492,0.14030251986456366,0.0955685618729097,0.43902439024390244
15,BPFF11,Títulos e Val. Mob.,9518.0,2192.0,0.02327611288914751,0.27513743571555244,0.5173788265306123,0.5318288441316833,0.58903013601209,0.07181291151251462,0.23773520711457222,0.25516126134219747,0.5445606973857922,0.06450052925496479,0.03367180551437889,0.09349531247341467,0.0955685618729097,0.0
16,BRCR11,Híbrido,10375.0,21436.0,0.015905343807584134,0.17520837027841818,0.2854751275510204,0.2904634797379277,0.3141612587785581,0.49078327682569806,0.09861923618527374,0.10214715658970441,0.5993764864691136,1.0,0.045634450044470795,0.060742177530498695,0.5551839464882944,0.24390243902439024
17,BTCR11,Títulos e Val. Mob.,9843.0,0.0,0.027039084472893025,0.3139297747827629,0.0,0.0,0.0,0.08193799974542636,0.23773520711457222,0.2630221902793998,0.5467239580500491,0.01465515648801743,0.036184405573673285,0.08733602164259098,0.0955685618729097,0.0
18,BZLI11,Títulos e Val. Mob.,1410.0,45473.0,0.0,0.0,0.0,0.0,0.0,0.0,0.3018778765912807,0.26038091815649983,0.5573128099643494,0.14303357743995718,0.0034872517047139047,0.11723070117230701,0.0955685618729097,0.0
20,CBOP11,Lajes Corporativas,7199.0,1296.0,0.018232955096498884,0.2854672814328782,0.5136320153061225,0.5356305103939174,0.579429282602898,0.0745090778648214,0.23773520711457222,0.2572545144191896,0.54513674279696,0.03266256295246332,0.028112955825674472,0.07632756537866027,0.11705685618729098,0.024390243902439025
21,CEOC11,Lajes Corporativas,8390.0,2548.0,0.021192900785568812,0.2887036708636283,0.5427295918367346,0.5567418911267492,0.5811183216285891,0.07535379951168146,0.23773520711457222,0.25791034049052197,0.5453172205438066,0.05335153975754016,0.03176326712125704,0.08187433004951253,0.0,0.024390243902439025
22,CNES11,Lajes Corporativas,7550.0,0.0,0.0044922897876054696,0.06579180705798901,0.07948022959183673,0.1565154088813395,0.21628589207929594,0.33784237262639005,0.18951715795144175,0.16684035576318387,0.032458799155463014,0.10224786344560338,0.03382745330566261,0.05713507903288925,1.0,0.024390243902439025
23,CPTS11B,Títulos e Val. Mob.,10200.0,3533.0,0.02521578896324314,0.280413193828693,0.6757015306122449,0.6605192914341179,0.7065516934838652,0.0731899235121906,0.23773520711457222,0.25623034767765696,0.5448549008361311,0.04974419360958299,0.03468351615772309,0.10064145100641451,0.0955685618729097,0.0
25,CXCE11B,Outros,2.228,17.0,0.7533003588400736,0.37918957261925873,0.6779336734693878,0.713176413491871,0.7306427237976708,0.09897129103553616,0.23773520711457222,0.2762465187314706,0.550363180561805,0.05233522666777546,0.854932552623777,0.08469875623160295,0.0955685618729097,0.024390243902439025
26,CXRI11,Híbrido,1.00025,63.0,0.27155465037338766,0.29335875155169355,0.6201371173469388,0.6110976300250748,0.6325006667259312,0.07656881009963086,0.23773520711457222,0.2588536519629862,0.5455768118235175,0.05589000739160203,0.3911243699970353,0.0813979208139792,0.0955685618729097,0.0
27,CXTL11,Logística,48202.0,34.0,0.05983124818155368,0.141558787018975,0.13058035714285715,0.09334303971527946,0.12872255311583253,0.03694789340307108,0.23773520711457222,0.22809271404186504,0.537111663807042,0.00730425495181575,0.3497850578120368,0.007214196995218893,0.0955685618729097,0.0975609756097561
28,DOMC11,Lajes Corporativas,55000.0,63.0,0.0,0.0,0.0,0.0,0.0,0.0,0.6488361323491886,0.5901985446051567,0.28203232776736664,0.08834996849520442,0.36935962051586124,0.014207203988225886,0.39197324414715723,0.024390243902439025
29,DRIT11B,Lajes Corporativas,16100.0,13.0,0.02599165939288139,0.1844741975527576,0.40138711734693877,0.43767693925422635,0.5982754022579785,0.048149133871023736,0.23773520711457222,0.23678914742610727,0.5395048481761858,0.010293508733262974,0.045263860065223836,0.13986013986013987,0.12709030100334448,0.0975609756097561
30,EDFO11B,Lajes Corporativas,28995.0,81.0,0.06957230142566193,0.2789945025713779,0.4996014030612245,0.5112836690123757,0.5388923459863099,0.07281963457110126,0.23773520711457222,0.25594286227652496,0.5447757873032669,0.0036942654100322074,0.06510524755410614,0.19701223350858388,0.11638795986622075,0.024390243902439025
31,EDGA11,Lajes Corporativas,4849.0,0.0,0.015284647463873533,0.3608352544777443,0.5901626275510204,0.4777966512982286,0.36474353275846744,0.5698052511600459,0.9835177817051158,0.9872428353247685,0.6483156234393619,0.12263329335953839,0.0306700266824785,0.01701461555476154,0.32608695652173914,0.024390243902439025
32,EURO11,Logística,16100.0,333.0,0.028707205896615264,0.2056658982089023,0.35977359693877553,0.4085577934158376,0.4678638101164548,0.053680324928545804,0.23773520711457222,0.24108346060551608,0.5406866065733457,0.037418657445069586,0.11734361102875777,0.006329436986371293,0.6222408026755853,0.14634146341463414
33,FAED11,Outros,22489.0,0.0,0.055544564057802344,0.2822752261039192,0.5577168367346939,0.5865081290948799,0.642190416925949,0.07367592774737038,0.23773520711457222,0.2566076722666427,0.5449587373480155,0.028067749411106378,0.05685591461606879,0.16551818011672026,0.0,0.07317073170731707
35,FCFL11,Outros,2.03,70.0,0.4532712636989623,0.25270438020925695,0.46293048469387754,0.47318611987381703,0.49151035647613117,0.7677478332311182,0.6214760280122104,0.6174737220375528,0.46674759321799236,0.11172687490599306,0.6648495404684257,0.11280690112806901,0.0,0.024390243902439025
36,FEXC11,Títulos e Val. Mob.,10485.0,0.0,0.01784501988167976,0.19449370455754567,0.4746492346938776,0.5818167111542506,0.6725042225975641,0.05076429951746722,0.23773520711457222,0.2388195130716018,0.5400635875020396,0.0477027415887619,0.036295582567447374,0.097680907899886,0.0955685618729097,0.0
37,FFCI11,Lajes Corporativas,16470.0,2336.0,0.01939676074095626,0.13459833303777266,0.27168367346938777,0.3094718110490981,0.3482087296648591,0.06937131880720676,0.0,0.0,0.4814973225013721,0.14236315697667687,0.06270382448858583,0.08350773314276964,0.19464882943143816,0.1951219512195122
38,FIGS11,Shoppings,5650.0,10306.0,0.032326641450877706,0.6157563397765562,1.0,1.0,1.0,0.16071697196218426,0.23773520711457222,0.32418470937022725,0.5635553621669196,0.08971070347453282,0.03435739697598576,0.021234240212342402,0.19414715719063544,0.04878048780487805
39,FIIB11,Híbrido,43500.0,1286.0,0.10086315585297256,0.26498492640539106,0.49513711734693877,0.5219606891531182,0.5611165436927726,0.8765202096761129,0.42608991503718896,0.43322253166831365,0.8183503839478642,0.09742854362414752,0.14283649570115625,0.1112245418814762,0.07675585284280936,0.024390243902439025
40,FIIP11B,Logística,18300.0,740.0,0.14641838812918243,0.8671306969320802,0.8406409438775511,0.699102159669983,0.6722375322250866,0.22632754371145233,0.23773520711457222,0.37512352888329886,0.577573291271305,0.06017202606464488,0.06970056329676846,0.08369489391387201,0.0955685618729097,0.17073170731707318
42,FIXX11,Títulos e Val. Mob.,8488.0,330.0,0.017457084666860634,0.24042383401312292,0.44164540816326536,0.46242821321685673,0.5026224553293627,0.06275240398523473,0.23773520711457222,0.24812685293324946,0.5426248881285199,0.0,0.032682330269789506,0.07930512310074354,0.0955685618729097,0.0
43,FLMA11,Híbrido,292.0,39353.0,0.0005159538357094365,0.20194183365845012,0.4167729591836735,0.4406697403542829,0.4627077962485554,0.052708316458186286,0.23773520711457222,0.24032881142754464,0.540478933549577,0.06685058278696591,0.0,0.09836149252207646,0.0955685618729097,0.024390243902439025
44,FLRP11,Shoppings,1.25,20.0,0.3511473183978276,0.3140184429863451,0.47018494897959184,0.4353312302839117,0.5192461552137967,0.8111294969856165,0.4417121093270076,0.45830563291707843,0.9528878911793356,0.02021461366892895,0.5417247257634153,0.06579551835026287,0.047993311036789305,0.024390243902439025
45,FMOF11,Lajes Corporativas,7997.0,208.0,0.039957327126369895,0.5218567121830112,0.4692283163265306,0.3554962387769959,0.30447150857854033,0.47560143024103496,0.23881259982421488,0.30619890396190813,0.0,0.01444149625716346,0.048410168989030535,0.0225613802256138,0.9386287625418062,0.024390243902439025
46,FOFT11,Títulos e Val. Mob.,9495.0,289.0,0.020560566385413637,0.2484926405391027,0.5769292091836735,0.5498665372482407,0.5686727709129701,0.06485842233768037,0.23773520711457222,0.2497619261521876,0.5430748463466853,0.03267661080398385,0.03345686332641565,0.09415888248005036,0.0955685618729097,0.0
47,FPAB11,Lajes Corporativas,36980.0,53.0,0.06982833866744254,0.2156854052136904,0.3989955357142857,0.7080805629701529,0.6219219486176549,0.056295490574989296,0.23773520711457222,0.24311382625101066,0.5412453458991995,0.10303778152450402,0.13698487992884673,0.08951389243360046,0.22357859531772575,0.024390243902439025
49,FVPQ11,Shoppings,19000.0,3677.0,0.06400931044515566,0.37901223621209434,0.5686383928571429,0.48548087033891446,0.44750644501733483,0.0989250049179,0.23773520711457222,0.2762105830563291,0.550353291370197,0.20269614322977805,0.06869626445300919,0.09238936246235516,0.08812709030100334,0.024390243902439025
50,GGRC11,Logística,12620.0,16584.0,0.03413829890408302,0.2963734704734882,0.6103316326530612,0.6136859985440427,0.605120455151569,0.07735567409944573,0.23773520711457222,0.2594645584403917,0.5457449280808541,0.17654554117111182,0.04279202490364661,0.10215575179078829,0.0,0.3170731707317073
51,GRLV11,Logística,9737.0,1153.0,0.021336436815051887,0.2502216705089555,0.5093271683673469,0.5571463237078379,0.5704507067294871,0.065309711984633,0.23773520711457222,0.2501122989848171,0.5431712659648636,0.03546436446372533,0.03969389267714201,0.07132526840556037,0.12173913043478261,0.024390243902439025
52,HBTT11,Outros,1.11,10.0,0.2859082533216953,0.29437843589288887,0.3223852040816326,0.0,0.0,0.07683495527603884,0.23773520711457222,0.25906028209504983,0.5456336746752637,0.040439022708762554,0.42738659946635044,0.08395011314719344,0.0955685618729097,0.0
54,HFOF11,Títulos e Val. Mob.,9757.0,6257.0,0.02909514111143439,0.341195247384288,0.5204878826530612,0.5138720375313435,0.0,0.08905449033198717,0.23773520711457222,0.268547300332405,0.5482444212597841,0.08089742159013813,0.03445375037058998,0.09393769247783847,0.0955685618729097,0.0
55,HGBS11,Shoppings,23100.0,8035.0,0.05431093007467753,0.2602411775137436,0.4878029336734694,0.47496562323060754,0.49746644146146324,0.06792487763107649,0.23773520711457222,0.2521426646303117,0.5437300052907175,0.48484626783372425,0.08108138155944264,0.09795314174876218,0.11505016722408028,0.1951219512195122
56,HGCR11,Títulos e Val. Mob.,11900.0,7623.0,0.028707205896615264,0.27593544954779214,0.5735012755102041,0.5790665696028472,0.6487687794470619,0.07202119904187736,0.23773520711457222,0.25532297188033415,0.5446051987480283,0.09980528702952421,0.03772976578713311,0.11413404114134042,0.0955685618729097,0.0
57,HGJH11,Lajes Corporativas,18350.0,1995.0,0.031034817185530018,0.20278418159248093,0.3698979591836735,0.39634392946695784,0.42857142857142855,0.052928175516958074,0.23773520711457222,0.24049950588446675,0.5405259072097152,0.08951515792548571,0.054450785650756006,0.12910690282953058,0.02842809364548495,0.04878048780487805
58,HGLG11,Logística,14605.0,10614.0,0.02909514111143439,0.22854229473310872,0.424984056122449,0.4532880368842514,0.5204018134945328,0.05965123410361147,0.23773520711457222,0.24571916269876917,0.5419623122907817,0.3848817009505798,0.04374444115031129,0.12623143280077587,0.07859531772575251,0.2926829268292683
59,HGRE11,Lajes Corporativas,14440.0,10661.0,0.028707205896615264,0.22605958503280726,0.4036989795918367,0.4315295640216776,0.4954218152724687,0.05900322845670513,0.23773520711457222,0.24521606324678824,0.5418238636082693,0.45559163268480085,0.05524014230655203,0.08236775390060061,0.3282608695652174,0.4878048780487805
60,HGRU11,Híbrido,10700.0,1500.0,0.026379594607700518,0.2820092214931726,0.5446428571428572,0.5471163956968373,0.0,0.07360649857091613,0.23773520711457222,0.25655376875393043,0.5449439035606034,0.05049492439596301,0.03698117402905425,0.09805522944209076,0.0,0.024390243902439025
61,HMOC11,Shoppings,22000.0,2144.0,0.05237125400058191,0.2720340485901756,0.4499362244897959,0.41672733155382996,0.5013779002578006,0.07100290445388167,0.23773520711457222,0.25453238702722125,0.5443876365326517,0.014878923693182868,0.0657315446190335,0.1283412451295663,0.07692307692307693,0.04878048780487805
62,HTMX11,Hotel,14985.0,0.0,0.04182329550964989,0.31880652597978365,0.610092474489796,0.6363342230850118,0.5194239487954485,0.08321086798042097,0.23773520711457222,0.264010421345791,0.5469959108192701,0.0516615229142557,0.05084865105247554,0.10270021948854066,0.4180602006688963,0.5853658536585366
63,HUSC11,Outros,12900.0,19.0,0.03491416933372127,0.3711651001950701,0.2224968112244898,0.11283669012375638,0.06204995999644413,0.09687684421249958,0.9465462003005358,0.9540562393315964,0.7368906403746026,0.016281730388503494,0.03602134598280462,0.14009834447790653,0.0955685618729097,0.0
64,IRDM11,Títulos e Val. Mob.,11100.0,4731.0,0.03339734264377849,0.3470030147189218,0.7016103316326531,0.6906899619833374,0.0,0.8056214489869127,1.0,1.0,1.0,0.0440236094698641,0.034387044174325525,0.11816650502781889,0.0955685618729097,0.0
65,JRDM11,Shoppings,7350.0,0.0,0.05410532441082339,0.8412395814860791,0.8417570153061226,0.6672328722801909,0.5693839452395768,0.8893298927319224,0.639895663021803,0.7594286227652501,0.46384264318313295,0.06536111032720485,0.03053290839015713,0.06739489221241046,0.01839464882943144,0.024390243902439025
66,JSRE11,Híbrido,10699.0,11794.0,0.022112307244690134,0.2451675829047704,0.45200892857142855,0.43395615950821,0.46715263578984795,0.06399055763200223,0.23773520711457222,0.2490881322432845,0.5428894240040348,0.35969328946608475,0.03987548176697302,0.08548142854712197,0.033444816053511704,0.04878048780487805
68,KNHY11,Títulos e Val. Mob.,10940.0,1349.0,0.019008825526137134,0.19750842347934033,0.0,0.0,0.0,0.05155116351728208,0.23773520711457222,0.23943041954900726,0.5402317037593761,0.15849426143950743,0.03711088052179069,0.10140710870637878,0.0955685618729097,0.0
69,KNIP11,Títulos e Val. Mob.,10885.0,14534.0,0.01784501988167976,0.18270083348111368,0.4473852040816327,0.508290867912319,0.5704507067294871,0.04768627269466206,0.23773520711457222,0.2364297906746923,0.5394059562601055,0.7536925524833611,0.037889119478209304,0.09691525019992173,0.0955685618729097,0.0
71,KNRI11,Híbrido,15300.0,15812.0,0.028707205896615264,0.21843411952473846,0.39485012755102045,0.4329046347973793,0.4723975464485732,0.05701292539834991,0.23773520711457222,0.24367082921570388,0.5413986283691239,0.9224008067454,0.05233842276904833,0.10133905024415973,0.13712374581939799,0.3902439024390244
72,LVBI11,Logística,10500.0,1128.0,0.02028901173504025,0.22082816102145772,0.0,0.0,0.0,0.08518959950936715,0.23773520711457222,0.24415596083011407,0.6719755143615785,0.11002749711558533,0.03516898903053661,0.10344886257295016,0.0955685618729097,0.0
73,MALL11,Shoppings,10730.0,7702.0,0.028707205896615264,0.30648164568185854,0.508529974489796,0.5105556903664159,0.5446706373899902,0.0799939828047073,0.23773520711457222,0.261512891923457,0.5463086120025119,0.07616170206623736,0.0418284909576045,0.07842036309189594,0.0,0.024390243902439025
75,MBRF11,Outros,1.124,94.0,0.31034817185530017,0.31552580244724243,0.5825892857142857,0.6107740839602038,0.6759711974397724,0.08235457480415187,0.23773520711457222,0.2633456113556733,0.5468129607745215,0.036228728893828534,0.43566928550252004,0.0828611777516887,0.0,0.04878048780487805
76,MFII11,Híbrido,9999.0,4907.0,0.04500048491901852,0.5142755807767335,0.935905612244898,0.6577691498827146,0.7135745399591075,0.13422974114488712,0.23773520711457222,0.30362051927050576,0.5578962722692233,0.07141726803344677,0.03668470204565668,0.0877273578003505,0.0955685618729097,0.21951219512195122
77,MGFF11,Títulos e Val. Mob.,9390.0,0.0,0.027155465037338764,0.3305107288526335,0.598373724489796,0.5623230607457738,0.0,0.08626575174440806,0.23773520711457222,0.2663821759051298,0.5476485974654002,0.03482888647658233,0.034753928253780014,0.08600888162931959,0.0955685618729097,0.0
78,MXRF11,Híbrido,1073.0,75606.0,0.0023276112889147513,0.2364337648519241,0.45408163265306123,0.4994742376445847,0.6085874299937772,0.06171096633842095,0.23773520711457222,0.2473183002425658,0.5424023813173392,0.11334238344291465,0.0025422472576341537,0.10969322648154765,0.0955685618729097,0.0
79,NSLU11,Hospital,22540.0,0.0,0.06635631849481137,0.3349441390317432,0.5747767857142857,0.5751840168243953,0.6007645124011023,0.9384047489556695,0.40338906162875315,0.42594555745216056,0.3513135318753368,0.07283603286304267,0.06604284020160095,0.1324587820938186,0.0,0.024390243902439025
80,NVHO11,Hospital,2898.0,183.0,0.002234506837358161,0.08521014364248981,0.16031568877551022,0.14794143816225835,0.3660769846208552,0.02224047952417871,0.23773520711457222,0.21667415326565448,0.53396937317359,0.11066507279062872,0.0016231841091016899,0.6082384768516156,0.0955685618729097,0.024390243902439025
82,ONEF11,Lajes Corporativas,14287.0,458.0,0.027931335466977014,0.22344387302713248,0.4106345663265306,0.42683814608104825,0.47168637212196635,0.05832050822157165,0.23773520711457222,0.24468601203845114,0.5416779980320509,0.02859365872477447,0.04028313074414467,0.1386010583090875,0.0,0.024390243902439025
83,OUCY11,Títulos e Val. Mob.,9050.0,716.0,0.022864901561439242,0.28249689661287464,0.5428093112244897,0.4732670063900348,0.0,0.5026556659993752,0.9532184744497265,0.9411193962806577,0.44502845614885206,0.007904031804307765,0.035176400830121544,0.07816514385857451,0.0955685618729097,0.0
84,OUJP11,Títulos e Val. Mob.,10688.0,1507.0,0.09355057705363205,1.0,0.9221938775510204,0.7231254549866538,0.670192906036092,0.2610074173503512,0.23773520711457222,0.40204833348306523,0.584982768083623,0.017173296177419563,0.037210939816187366,0.09679614789103841,0.0955685618729097,0.0
86,PLRI11,Títulos e Val. Mob.,6630.0,256.0,0.010575113955969353,0.1688685937222912,0.30588329081632654,0.5141146970799968,0.5919637301093431,0.044075955519040956,0.23773520711457222,0.23362680801365554,0.538634599314679,0.018168234723398735,0.0287429587903943,0.060963367532710595,0.0955685618729097,0.0
90,RBBV11,Títulos e Val. Mob.,7599.0,692.0,0.004108233924934535,0.06215641071111899,0.4460299744897959,0.5988028795599774,0.5785403146946395,0.016223284231476873,0.23773520711457222,0.2120025154972599,0.5326837782645457,0.03854096721941056,0.03599540468425733,0.04997192588433464,0.0955685618729097,0.024390243902439025
93,RBGS11,Shoppings,4329.0,1035.0,0.007130249248375521,0.18775492108529881,0.2624362244897959,0.2560058238291677,0.31291670370699615,0.04900542704729284,0.23773520711457222,0.2374539574162249,0.5396877982209344,0.02792528610675394,0.03333456863326415,0.0,0.2073578595317726,0.024390243902439025
94,RBRD11,Híbrido,8715.0,974.0,0.019947628745999417,0.2554974286220962,0.4605389030612245,0.8964652592412845,0.7599786647702018,0.06668672398430901,0.23773520711457222,0.2511813853202767,0.5434654694152026,0.04585757646187444,0.02754224725763415,0.11287495959028805,0.0,0.0975609756097561
95,RBRF11,Títulos e Val. Mob.,10347.0,5307.0,0.020048491901852393,0.22437488916474554,0.48365752551020413,0.5031141308743833,0.6402346875277802,1.0,0.44680609766470414,0.44463210852573887,0.9081467160466968,0.05265586422805,0.035257930625555885,0.10035220254198357,0.0955685618729097,0.0
96,RBRR11,Títulos e Val. Mob.,10890.0,14762.0,0.02729512171467365,0.28622096116332685,0.5876913265306123,0.5956483054274853,0.0,0.6038718337402655,0.7381274158641352,0.7361512891923456,0.8950608432513685,0.09604502345085895,0.03463163356062852,0.11311316420805471,0.0955685618729097,0.0
98,RDES11,Lajes Corporativas,7375.0,312.0,0.012576859664436038,0.19427203404859017,0.32166772959183676,0.26514600016177303,0.30873855453818116,0.05070644187042201,0.23773520711457222,0.23877459347767496,0.5400512260125295,0.011795304286476186,0.029662021938926766,0.07207391148996989,0.8449832775919733,0.0975609756097561
99,RDPD11,Títulos e Val. Mob.,8650.0,111.0,0.01939676074095626,0.25190636637701724,0.3848852040816327,0.3614009544608914,0.0,0.06574943010217661,0.23773520711457222,0.2504536878986614,0.54326521328514,0.029966526598943156,0.03500963533946042,0.07190376533442226,0.0955685618729097,0.0
100,RNDP11,Títulos e Val. Mob.,95200.0,33.0,0.18194161575016973,0.21590707572264586,0.40011160714285715,0.4267572595648305,0.4789759089696861,0.056353348222034506,0.23773520711457222,0.24315874584493755,0.5412577073887095,0.03423587741370969,0.3956270382448858,0.07190376533442226,0.0955685618729097,0.0
101,RNGO11,Lajes Corporativas,8269.0,3390.0,0.01862089031131801,0.2583348111367264,0.455436862244898,0.4806276793658497,0.5338252289092364,0.0674273018664877,0.23773520711457222,0.2517563561225406,0.5436236964809311,0.09094510548610764,0.03364957011562407,0.07089990301669134,0.16555183946488294,0.07317073170731707
102,SAAG11,Outros,12100.0,6593.0,0.033750363689263894,0.30758999822663596,0.5476721938775511,0.5876405403219284,0.6223664325717841,0.08028327103993335,0.23773520711457222,0.2617374898930913,0.546370419450062,0.19864204095965296,0.03237103468722206,0.14897997379749203,0.0955685618729097,0.6829268292682927
103,SCPF11,Shoppings,1120.0,1784.0,0.004162544855009213,0.4248980315658805,0.48142538265306123,0.4248968696918224,0.4449284380833851,0.11090153785625848,0.23773520711457222,0.28550893899919144,0.5529121196987752,0.006261832112450425,0.0032241328194485617,0.08646827624929815,0.11622073578595318,0.024390243902439025
104,SDIL11,Logística,10750.0,5298.0,0.024827853748424014,0.2511083525447775,0.4884406887755102,0.5243872846396506,0.583607431771713,0.06554114257281385,0.23773520711457222,0.2502919773605246,0.5432207119229039,0.11903942359195228,0.0333419804328491,0.11775815425450462,0.0,0.024390243902439025
105,SHPH11,Shoppings,95607.0,85.0,0.21336436815051887,0.2550540876041852,0.35459183673469385,0.3325244681711559,0.33869677304649304,0.06657100869021859,0.23773520711457222,0.2510915461324229,0.5434407464361826,0.16681263682371283,0.2616254076489772,0.15008592380855154,0.030100334448160536,0.024390243902439025
106,SPTW11,Lajes Corporativas,8000.0,2656.0,0.023664048103966637,0.3359638233729385,0.6330516581632654,0.624120359136132,0.6636145435149792,0.08768904986172023,0.23773520711457222,0.26748719791573083,0.5479526901073472,0.042348263190717376,0.026671360806403793,0.10264917564187637,0.0,0.04878048780487805
107,TBOF11,Lajes Corporativas,8500.0,6209.0,0.011269517990495586,0.1534846604007803,0.23573022959183676,0.23529887567742458,0.2249088807894035,0.35128848979969685,0.9526041715889653,0.912415775761387,0.6485653255274647,0.35347202235269365,0.031314853246368214,0.08624708624708624,0.47157190635451507,0.024390243902439025
108,TGAR11,Outros,12360.0,8123.0,0.02909514111143439,0.26822131583614117,0.6222895408163265,0.5258432419315701,0.5916081429460396,0.07000775292470406,0.23773520711457222,0.25375977001167904,0.544175018913079,0.03578315226774217,0.04558997924696116,0.08774437241590526,0.0955685618729097,0.0
109,THRA11,Lajes Corporativas,12499.0,3843.0,0.02292309184366211,0.2095672991665189,0.3811383928571429,0.41195502709698295,0.4068806116099209,0.0546986195165415,0.23773520711457222,0.24187404545862903,0.5409041687887224,0.04922972916882472,0.03692187963237474,0.1282051282051282,0.0,0.024390243902439025
110,TRNT11,Lajes Corporativas,19300.0,434.0,0.024855009213461354,0.15352899450257138,0.27558992346938777,0.24549057672086064,0.23050937861143211,0.36001342297411454,0.6093978886883217,0.585041775222352,0.7073812926162351,0.31424168950786535,0.07275422472576343,0.08549844316267674,0.3361204013377927,0.024390243902439025
111,TRXL11,Logística,9429.0,2633.0,0.014179032101639026,0.19507004788082996,0.3757174744897959,0.38542424977756207,0.41692594897324203,0.050914729399784774,0.23773520711457222,0.23893630401581167,0.5400957273747657,0.06523903246182101,0.03648458345686332,0.07903288925186736,0.41137123745819404,0.14634146341463414
112,UBSR11,Títulos e Val. Mob.,10520.0,5300.0,0.03247017748036078,0.35272211384997343,0.6284279336734694,0.9601229475046511,0.8767001511245444,0.09206308797833809,0.23773520711457222,0.27088311921660224,0.5488872187143062,0.048574440664861315,0.03518381262970649,0.10372109642182635,0.0955685618729097,0.0
113,VGIR11,Títulos e Val. Mob.,10129.0,609.0,0.03337794588303754,0.3776822131583614,0.0,0.0,0.0,0.1818928707807311,0.33224333953936735,0.3665438864432666,0.593344079588214,0.002443308810984791,0.0350726356359324,0.0974597178976741,0.0955685618729097,0.0
114,VISC11,Shoppings,10776.0,24704.0,0.023439045679371544,0.25035467281432877,0.4514508928571429,0.4785246299441883,0.5177349097697573,0.06534442657286013,0.23773520711457222,0.25013925074117327,0.5431786828585696,0.33152693295544367,0.03642528906018381,0.10196859101968592,0.0802675585284281,0.21951219512195122
115,VLOL11,Lajes Corporativas,9605.0,2358.0,0.014605760837940063,0.17214931725483243,0.3254942602040816,0.32006794467362293,0.35283136278780336,0.04493224869531006,0.23773520711457222,0.23429161800377324,0.5388175493594276,0.04990929528130174,0.0306218499851764,0.11188811188811189,0.0,0.024390243902439025
116,VOTS11,Títulos e Val. Mob.,9637.0,142.0,0.019784695955775387,0.24711828338357866,0.3055644132653061,0.29111057186766964,0.0,0.06449970492600007,0.23773520711457222,0.24948342466984094,0.5429982051117231,0.019871517184845634,0.035109694633857096,0.08869719088697191,0.0955685618729097,0.0
117,VRTA11,Títulos e Val. Mob.,12360.0,6448.0,0.039569391911550775,0.36384997339953895,0.6838329081632654,0.7277359864110653,0.7099297715352475,0.09496754186000764,0.23773520711457222,0.2731380828317312,0.5495077654877102,0.08150922039456238,0.036643937147939516,0.12742245588960918,0.0955685618729097,0.0
118,VSHO11,Shoppings,10250.0,406.0,0.029781786441664244,0.30940769640007093,0.0,0.0,0.0,0.08075770374570407,0.23773520711457222,0.2621058305632917,0.5464717836640444,0.0753851784609334,0.03662911354876964,0.09218518707569802,0.10301003344481606,0.07317073170731707
119,VTLT11,Logística,10100.0,480.0,0.05457084666860634,0.6207660932789502,0.7218590561224489,0.6333414219849551,0.0,0.6204769784422407,0.22364404457003523,0.3116162069894888,0.6768063844621021,0.07199906817288317,0.03492439964423362,0.09769792251544077,0.0955685618729097,0.0
120,WPLZ11,Shoppings,7350.0,232.0,0.014543691203569005,0.2192764674587693,0.2848373724489796,0.3764458464773922,0.3905236020979643,0.6100278873858758,0.7365302284261561,0.7203395921300871,0.6570156397565281,0.01910285083354407,0.0285243107026386,0.07736545692750073,0.14381270903010032,0.024390243902439025
121,XPCM11,Lajes Corporativas,9724.0,4560.0,0.03297449325962564,0.3833126440858309,0.7102200255102041,0.7058966270322737,0.7510000888967908,0.10004744327057707,0.23773520711457222,0.27708202317851044,0.5505931042666917,0.06977449192009953,0.029647198339756892,0.12042944889660218,0.0,0.024390243902439025
122,XPIN11,Outros,11920.0,1714.0,0.02987101154107264,0.3055506295442455,0.4766422193877551,0.4291838550513629,0.23584318606098317,0.368414353325079,0.47357080076740604,0.4870541730302758,0.9080651302159305,0.06609558604683544,0.04185072635635932,0.09584332941997176,0.0,0.04878048780487805
123,XPLG11,Logística,10111.0,12556.0,0.02599165939288139,0.2912307146657209,0.5262276785714286,0.5369246946534012,0.0,0.07601337668799686,0.23773520711457222,0.2584224238612883,0.5454581415242211,0.13337836868103575,0.034572339163949,0.09962057407312881,0.0,0.12195121951219512
124,XPML11,Shoppings,10600.0,16227.0,0.03429735234215886,0.36628834899804935,0.5461575255102041,0.48806923885788245,0.47648679882656236,0.7442344854719449,0.42325467106444514,0.45145090288383793,0.7594033850702874,0.19998613174699695,0.03694040913133709,0.09659197250438126,0.07692307692307693,0.17073170731707318