,Códigodo fundo,Setor,Preço Atual,Liquidez Diária,Dividendo,DividendYield,DY (3M)Média,DY (6M)Média,DY (12M)Média,DY Ano,Variação Preço,Rentab.Período,Rentab.Acumulada,PatrimônioLíq.,VPA,P/VPA,VacânciaFísica,QuantidadeAtivos
0,ABCP11,Shoppings,78.45,0.009175061396835446,0.011459589867310013,0.12371134020618557,0.17567567567567569,0.16666666666666666,0.2733812949640288,0.19615384615384615,0.619960343688037,0.6160191013674843,0.4050073637702503,0.27641011807188315,0.0237109489554762,0.4778761061946903,0.02978723404255319,0.015625
1,AFCR11,Híbrido,106.8,0.0017359604201024218,0.05247285886610374,0.422680412371134,0.0,0.0,0.0,0.2048076923076923,0.6514650804141882,0.6598654221836335,0.8103420062182948,0.01603930612481613,0.028319734110760345,0.5929203539823009,0.06063829787234043,0.0
2,ALMI11,Lajes Corporativas,1204.69,0.00016338451012728675,0.0,0.0,0.0,0.0,0.0,0.0,0.669971359330249,0.660082483177773,0.20356733758795612,0.057181477352582034,0.5726221486196644,0.19469026548672566,0.7573404255319148,0.015625
3,ALZR11,Logística,129.9,0.0648483332227084,0.021712907117008445,0.13917525773195877,0.25675675675675674,0.3492063492063492,0.3381294964028777,0.41346153846153844,0.5589336858338841,0.5565443889733015,0.8034691539846178,0.12068515226209912,0.02864462040055892,0.7876106194690266,0.0,0.109375
5,ARRI11,Títulos e Val. Mob.,86.73,0.0007352302955727903,0.03196622436670688,0.29896907216494845,0.445945945945946,0.4444444444444445,0.0,0.4673076923076923,1.0,1.0,0.5342824414989363,0.0076310211950082266,0.025806896789663438,0.49557522123893805,0.06063829787234043,0.0
6,ATSA11,Shoppings,110.49,4.0846127531821686e-05,0.015078407720144755,0.09278350515463918,0.13513513513513514,0.1746031746031746,0.1798561151079137,0.035576923076923075,0.6362634941617096,0.6307792489689603,0.6845033546064474,0.048523597011106624,0.030904448929600304,0.5486725663716814,0.20106382978723403,0.015625
7,BARI11,Títulos e Val. Mob.,105.0,0.042183838208488846,0.0554885404101327,0.4484536082474227,0.5337837837837838,0.5793650793650793,0.5107913669064749,0.6221153846153846,0.5789821546596167,0.5888864771000651,0.7203403698249059,0.05752975999179251,0.027868343424934015,0.5929203539823009,0.06063829787234043,0.0
9,BBPO11,Lajes Corporativas,139.87,0.12462664086552944,0.06513872135102534,0.4020618556701031,0.5202702702702703,0.5714285714285714,0.5035971223021583,0.6153846153846154,0.6080634500991408,0.6160191013674843,0.5020454917362134,0.42817178411807544,0.028236356213378413,0.8849557522123894,0.0,1.0
10,BBRC11,Outros,147.5,0.0032727959684872125,0.056694813027744276,0.3247422680412371,0.45270270270270274,0.5317460317460317,0.48920863309352525,0.5798076923076924,0.5952853051332893,0.5999565878011721,0.7758141057110128,0.044608545901171304,0.030754943734294764,0.8495575221238938,0.057446808510638304,0.3125
12,BCFF11,Títulos e Val. Mob.,90.24,0.27977555052921266,0.027141133896260557,0.25257731958762886,0.3445945945945946,0.38095238095238093,0.3597122302158274,0.4298076923076923,0.6208415950649923,0.6225309311916648,0.5691376206840123,0.46018749694840333,0.023345811266941525,0.6106194690265486,0.06063829787234043,0.0
13,BCIA11,Títulos e Val. Mob.,123.11,0.02995552877864973,0.03618817852834741,0.24742268041237114,0.3581081081081081,0.37301587301587297,0.48920863309352525,0.4201923076923077,0.431152236175369,0.4343390492728456,0.0,0.11548701342203968,0.03317002765846113,0.584070796460177,0.06063829787234043,0.0
14,BCRI11,Títulos e Val. Mob.,107.8,0.06144789310568425,0.048250904704463214,0.3814432989690722,0.47297297297297297,0.5555555555555555,0.49640287769784175,0.6490384615384616,0.58955717118308,0.5967006728890819,0.5640648011782032,0.09814923182718456,0.02911326168584358,0.5752212389380531,0.06063829787234043,0.0
15,BICR11,Títulos e Val. Mob.,101.41,0.0,0.011459589867310013,0.0979381443298969,0.14189189189189189,0.19047619047619047,0.0,0.2798076923076923,0.7067636043181317,0.700672889081832,0.4840451644575356,0.011025820602068312,0.027373826240461856,0.5752212389380531,0.06063829787234043,0.0
16,BMLC11B,Lajes Corporativas,95.9,0.012881847470348264,0.03377563329312425,0.30412371134020616,0.39864864864864863,0.47619047619047616,0.40287769784172667,0.5076923076923077,0.6622604097818904,0.6655090080312568,0.5791196203567338,0.022992973719177183,0.026186409977746725,0.5663716814159292,0.018085106382978722,0.03125
17,BNFS11,Outros,125.42,0.00211889286571325,0.057297949336550066,0.3865979381443299,0.5067567567567568,0.6031746031746031,0.5323741007194245,0.6423076923076922,0.5948446794448117,0.602344258736705,0.6872852233676976,0.015845786400489986,0.02672117856095499,0.8230088495575221,0.06063829787234043,0.28125
18,BPFF11,Títulos e Val. Mob.,84.1,0.02391030190394012,0.03015681544028951,0.30927835051546393,0.4054054054054054,0.47619047619047616,0.47482014388489213,0.5192307692307693,0.6067415730337078,0.6108096375081398,0.20749468172148577,0.07380747192371145,0.02495874231629549,0.49557522123893805,0.06063829787234043,0.0
19,BPML11,Shoppings,99.99,0.015669595674395093,0.016887816646562127,0.1597938144329897,0.0,0.0,0.0,0.029807692307692306,0.619960343688037,0.6175385283264597,0.6715758468335787,0.15396708286724692,0.03815545090191884,0.3185840707964602,0.05957446808510638,0.109375
20,BRCO11,Logística,124.6,0.0584354912002124,0.03317249698431846,0.22164948453608246,0.2972972972972973,0.35714285714285715,0.0,0.3923076923076923,0.6512447675699494,0.6511829824180595,0.6920307641957126,0.3200771867145413,0.026741304260323045,0.8141592920353983,0.0,0.15625
21,BRCR11,Híbrido,88.0,0.34466983564539433,0.027141133896260557,0.25257731958762886,0.33783783783783783,0.38095238095238093,0.36690647482014394,0.38173076923076926,0.6369244326944261,0.6381593227696983,0.4784814269350351,0.7540785690564695,0.02969978206742684,0.39823008849557523,0.1425531914893617,0.1875
22,BTCR11,Títulos e Val. Mob.,84.39,0.0211889286571325,0.021109770808202654,0.21649484536082475,0.24324324324324323,0.3492063492063492,0.3525179856115108,0.4125,0.5589336858338841,0.5593661818971131,0.45082637866143016,0.12219483924091064,0.026956936753552183,0.4336283185840708,0.06063829787234043,0.0
23,BTLG11,Logística,106.0,0.3050950438330006,0.03618817852834741,0.2938144329896907,0.30405405405405406,0.37301587301587297,0.34532374100719426,0.43461538461538457,0.6010134390834986,0.6045148686780986,0.6764850270004908,0.18723325662927454,0.028319734110760345,0.5929203539823009,0.0,0.15625
24,BZLI11,Títulos e Val. Mob.,14.6,0.16947058312952817,0.0,0.0,0.0,0.0,0.0,0.0,0.6349416170962767,0.6255697851096158,0.6851579119620357,0.11236512815201283,0.002573214419201067,0.7522123893805309,0.06063829787234043,0.0
26,CBOP11,Lajes Corporativas,77.8,0.004988333324823724,0.02955367913148372,0.31443298969072164,0.43243243243243246,0.4603174603174603,0.41007194244604317,0.4894230769230769,0.6911213923771756,0.6945951812459301,0.46604483717885775,0.030420102531299002,0.02387482965033035,0.4690265486725664,0.1103191489361702,0.015625
27,CEOC11,Lajes Corporativas,71.9,0.01447484644408931,0.019903498190591076,0.211340206185567,0.4054054054054054,0.49206349206349204,0.4460431654676259,0.5394230769230769,0.5814055959462436,0.5815064032993271,0.4630993290787105,0.04546849579668754,0.02733644994163547,0.30973451327433627,0.0,0.015625
28,CNES11,Lajes Corporativas,67.42,0.0026958444171002313,0.013872135102533175,0.18041237113402062,0.24324324324324323,0.3333333333333333,0.22302158273381295,0.28173076923076923,0.6715135492399207,0.6694161059257652,0.3287514318442153,0.07270553682499853,0.02644229386971197,0.2920353982300885,0.3861702127659574,0.015625
29,CPFF11,Híbrido,79.01,0.05444788799991831,0.03317249698431846,0.36082474226804123,0.1554054054054054,0.2619047619047619,0.0,0.3432692307692307,0.6003525005507822,0.6064684176253528,0.32727867779414166,0.08780158232235699,0.023495316462247062,0.48672566371681414,0.06063829787234043,0.0
30,CPTS11,Títulos e Val. Mob.,99.03,0.3424794620565004,0.04342581423401689,0.3711340206185567,0.5067567567567568,0.5634920634920635,0.4820143884892087,0.6,0.6981714033928178,0.7039288039939223,0.644411716576665,0.20882090853174506,0.026036904782441188,0.6017699115044248,0.06063829787234043,0.0
31,CRFF11,Títulos e Val. Mob.,82.8,0.001005835890471109,0.025331724969843185,0.26288659793814434,0.3445945945945946,0.3888888888888889,0.38848920863309355,0.4394230769230769,0.685833884115444,0.6869980464510527,0.2826051382752413,0.015290030047218928,0.026252537275670326,0.4424778761061947,0.06063829787234043,0.0
32,CTXT11,Lajes Corporativas,48.8,0.007964994868705229,0.022919179734620026,0.4072164948453609,0.5270270270270271,0.6190476190476191,0.5107913669064749,0.6471153846153846,0.5754571491517956,0.5834599522465813,0.4691539846179021,0.0349644204694532,0.014527879843824571,0.4690265486725664,0.09148936170212765,0.015625
33,CVBI11,Títulos e Val. Mob.,99.0,0.05111382284013336,0.04523522316043426,0.4020618556701031,0.48648648648648646,0.5317460317460317,0.48920863309352525,0.6125,0.7061026657854153,0.7132624267419144,0.6354115529373261,0.09247969102356392,0.028006348220600663,0.5398230088495575,0.06063829787234043,0.0
36,CXTL11,Logística,384.75,8.679802100512108e-05,0.05850422195416165,0.13917525773195877,0.222972972972973,0.20634920634920637,0.1798561151079137,0.16249999999999998,0.853712271425424,0.8474061211200347,0.18965799378170506,0.008905707760603152,0.21979276279850724,0.10619469026548672,0.2946808510638298,0.0625
37,DMAC11,Residencial,347.93,0.0029256038844667283,0.1471652593486128,0.3350515463917526,0.4797297297297297,0.5952380952380952,0.5323741007194245,0.6432692307692308,0.6373650583829037,0.6420664206642067,0.002618229422353078,0.021620840718777883,0.16252939789657692,0.20353982300884957,0.06063829787234043,0.0
38,DOMC11,Lajes Corporativas,439.0,0.00020423063765910842,0.0,0.0,0.0,0.0,0.0,0.0,0.7157964309319234,0.7052311699587585,0.5028636884306987,0.06734260101847557,0.30477784102997574,0.02654867256637168,0.2493617021276596,0.015625
40,EDFO11B,Lajes Corporativas,255.01,0.0006382207426847139,0.09469240048250906,0.29896907216494845,0.3648648648648649,0.45238095238095233,0.40287769784172667,0.49615384615384617,0.6697510464860101,0.6728890818319948,0.7455408280150547,0.010725648579003612,0.05756525039245113,0.7787610619469026,0.07404255319148936,0.015625
41,EDGA11,Lajes Corporativas,30.3,0.01403064480718075,0.007237635705669482,0.1958762886597938,0.31756756756756754,0.30952380952380953,0.2877697841726619,0.3134615384615384,0.6477197620621282,0.646624701541133,0.029618720340369747,0.07815342122987012,0.021804757715330608,0.0,0.4436170212765958,0.015625
42,EURO11,Logística,214.5,0.0018687103345808422,0.04523522316043426,0.1752577319587629,0.23648648648648649,0.29365079365079366,0.2589928057553957,0.3211538461538461,0.634721304252038,0.6329498589103538,0.7820324005891016,0.029382642905310986,0.0873340348577113,0.2831858407079646,0.0,0.09375
43,FAED11,Outros,208.0,0.0035893534568588307,0.07720144752714114,0.30927835051546393,0.4054054054054054,0.4603174603174603,0.4244604316546763,0.5230769230769231,0.5606961885877947,0.5650097677447363,0.39322533136966126,0.03311128054460839,0.0581258948748469,0.5575221238938053,0.0,0.046875
45,FATN11,Híbrido,100.2,1.0211531882955422e-05,0.0367913148371532,0.31443298969072164,0.0,0.0,0.0,0.058653846153846154,0.619960343688037,0.6240503581506404,0.6764850270004908,0.010010289391680341,0.0278798438245729,0.5486725663716814,0.24468085106382978,0.0
46,FCFL11,Outros,116.36,0.010359599095258276,0.03377563329312425,0.2422680412371134,0.33783783783783783,0.3968253968253968,0.3381294964028777,0.4288461538461538,0.7422339722405815,0.7421315389624484,0.5246277205040091,0.09623011053087381,0.02960777887031574,0.6371681415929203,0.0,0.015625
47,FEXC11,Títulos e Val. Mob.,97.0,0.005514227216795928,0.027141133896260557,0.23195876288659795,0.33783783783783783,0.5476190476190476,0.4820143884892087,0.6211538461538462,0.5042961004626569,0.5061862383329716,0.5995745377188676,0.08828008965224916,0.027569333034322942,0.5309734513274337,0.06063829787234043,0.0
48,FIGS11,Shoppings,64.74,0.010706791179278759,0.009047044632086852,0.12371134020618557,0.10810810810810811,0.15873015873015875,0.2302158273381295,0.16249999999999998,0.619960343688037,0.6160191013674843,0.27327769595810825,0.0726320551223429,0.02736520094073269,0.24778761061946902,0.11914893617021276,0.03125
49,FIIB11,Híbrido,525.38,0.001480672123028536,0.14414957780458384,0.2422680412371134,0.30405405405405406,0.32539682539682535,0.32374100719424465,0.3346153846153846,0.8098700154218991,0.8092033861515086,0.47144493536246107,0.07610031280529217,0.1219473626708528,0.7522123893805309,0.0274468085106383,0.015625
50,FIIP11B,Logística,193.5,0.0021137870997717722,0.05247285886610374,0.2371134020618557,0.26351351351351354,1.0,0.7050359712230216,1.0,0.5875743555849307,0.5886694161059258,0.6758304696449026,0.04713136121508705,0.056268580333166576,0.5221238938053098,0.0,0.109375
51,FIVN11,Shoppings,4.0,0.0015470470802677464,0.0,0.0,0.0,0.0,0.0,0.0,0.619960343688037,0.6108096375081398,0.6665030273277696,0.01704173123137693,0.0013484218576595534,0.13274336283185842,0.5957446808510638,0.015625
52,FLMA11,Híbrido,3.0,0.336168735352834,0.0006031363088057902,0.12371134020618557,0.1554054054054054,0.15079365079365079,0.18705035971223025,0.21730769230769229,0.5562899317030183,0.5530714130670719,0.3064964817542137,0.05156123795579817,0.0,0.5752212389380531,0.06382978723404255,0.03125
53,FLRP11,Shoppings,1340.0,8.679802100512108e-05,0.1718938480096502,0.10824742268041238,0.16216216216216217,0.3412698412698413,0.30935251798561153,0.15096153846153845,0.5417492839832562,0.5380942044714565,0.6799214531173293,0.025703219003555836,0.4574398960363872,0.40707964601769914,0.020851063829787235,0.015625
55,FPAB11,Lajes Corporativas,304.0,0.00034719208402048433,0.20084439083232813,0.5515463917525774,0.4594594594594595,0.48412698412698413,0.38848920863309355,0.47884615384615387,0.6056400088125138,0.6199261992619927,0.3367697594501718,0.08088605211395414,0.11816948138947828,0.30973451327433627,0.3051063829787234,0.015625
56,FVPQ11,Shoppings,153.85,0.0062239286826613295,0.004825090470446321,0.025773195876288662,0.11486486486486487,0.12698412698412698,0.2877697841726619,0.16538461538461538,0.534699272967614,0.5278923377469069,0.2377679594174439,0.15803952829659304,0.06067610849477018,0.3008849557522124,0.08191489361702128,0.015625
57,GCFF11,Títulos e Val. Mob.,101.99,0.0008526629122267777,0.05126658624849216,0.0,0.0,0.0,0.0,0.0,0.619960343688037,0.6108096375081398,0.6665030273277696,0.0,0.027077690949760504,0.5929203539823009,0.06063829787234043,0.0
58,GGRC11,Logística,149.61,0.04810652670060299,0.0428226779252111,0.2577319587628866,0.32432432432432434,0.3968253968253968,0.3741007194244605,0.4721153846153846,0.5717118307997356,0.5739092685044498,0.7810505645557192,0.2144963885298244,0.03498996590131507,0.7256637168141593,0.0,0.234375
59,GRLV11,Logística,140.39,1.0,0.0428226779252111,0.25257731958762886,0.35135135135135137,0.4285714285714286,0.38129496402877705,0.46538461538461534,0.8230887860762283,0.8226611677881485,0.9301260022909507,0.03575734418377428,0.03708591373550231,0.6017699115044248,0.039361702127659576,0.015625
61,GTWR11,Lajes Corporativas,117.5,0.11284763883854036,0.04161640530759952,0.29896907216494845,0.39864864864864863,0.4682539682539682,0.43165467625899284,0.5173076923076922,0.7318792685613571,0.7343173431734317,0.7864506627393225,0.3120084682475841,0.02731919934217714,0.7256637168141593,0.0,0.015625
62,HABT11,Títulos e Val. Mob.,114.4,0.09569226527517526,0.06031363088057902,0.4484536082474227,0.5945945945945946,0.626984126984127,0.5755395683453238,0.7182692307692308,0.7279136373650583,0.7371391360972434,0.7725413189330714,0.14381989070513387,0.028164478715635367,0.6637168141592921,0.06063829787234043,0.0
63,HBRH11,Híbrido,96.56,0.004247997263309456,0.04221954161640531,0.36082474226804123,0.4594594594594595,0.5396825396825398,0.0,0.49615384615384617,0.5977087464199162,0.6040807466898199,0.7355588283423334,0.05702236822861237,0.027477329837211843,0.5309734513274337,0.06063829787234043,0.046875
64,HBTT11,Títulos e Val. Mob.,1055.0,5.105765941477711e-06,1.0,0.8092783505154639,0.777027027027027,0.6984126984126984,0.5899280575539568,0.7875,0.627230667547918,0.6522682873887563,0.04254622811323833,0.040603948875058624,0.2539892011247391,0.7168141592920354,0.06063829787234043,0.0
65,HCRI11,Hospital,431.04,0.0014449317614381922,0.15681544028950545,0.2938144329896907,0.39864864864864863,0.49206349206349204,0.4460431654676259,0.5403846153846154,0.7294558272747301,0.7317126112437595,0.8679430535100638,0.013515913397903388,0.08308463719114237,0.9734513274336283,0.0,0.015625
67,HFOF11,Títulos e Val. Mob.,104.0,0.1146040223224087,0.03015681544028951,0.2422680412371134,0.30405405405405406,0.5079365079365079,0.48920863309352525,0.5490384615384615,0.48953513989865605,0.49186021271977426,0.5239731631484208,0.505804466165198,0.02808110081825343,0.5752212389380531,0.06063829787234043,0.0
68,HGBS11,Shoppings,209.8,0.05627575220696733,0.018094089264173704,0.07216494845360825,0.08783783783783784,0.11904761904761904,0.22302158273381295,0.2192307692307692,0.6122493941396783,0.6062513566312133,0.2529864179348715,0.6057123345444627,0.0645431178733461,0.4778761061946903,0.07702127659574469,0.25
69,HGCR11,Títulos e Val. Mob.,101.94,0.06659450517469379,0.02895054282267793,0.2422680412371134,0.31756756756756754,0.3968253968253968,0.3741007194244605,0.4480769230769231,0.6027759418374091,0.6038636856956805,0.5406643757159221,0.3447433389802311,0.02931739377943383,0.5221238938053098,0.06063829787234043,0.0
70,HGFF11,Títulos e Val. Mob.,95.35,0.047805286510055806,0.03317249698431846,0.2835051546391753,0.3783783783783784,0.4444444444444445,0.41007194244604317,0.4846153846153846,0.6146728354263054,0.6175385283264597,0.554410080183276,0.07396526842978622,0.02773321372917709,0.5132743362831859,0.06063829787234043,0.0
71,HGLG11,Logística,170.65,0.27374053518638597,0.03618817852834741,0.18041237113402062,0.2702702702702703,0.3333333333333333,0.30935251798561153,0.3701923076923077,0.47455386649041637,0.4747123941827654,0.5395189003436426,0.6905087027070168,0.03957287515741172,0.7345132743362832,0.09468085106382979,0.21875
72,HGPO11,Lajes Corporativas,227.44,0.006862149425346044,0.056694813027744276,0.21649484536082475,0.2905405405405405,0.3492063492063492,0.30935251798561153,0.37596153846153846,0.6644635382242785,0.6639895810722813,0.7525773195876287,0.08776064593360447,0.05773775638703444,0.6548672566371682,0.0,0.03125
73,HGRE11,Lajes Corporativas,153.0,0.09383887223841884,0.03920386007237636,0.22164948453608246,0.30405405405405406,0.3333333333333333,0.30935251798561153,0.3576923076923077,0.6671072923551443,0.6668113739960929,0.3166421207658321,0.4717878954971228,0.046309234245890035,0.48672566371681414,0.2820212765957447,0.34375
74,HGRU11,Híbrido,129.98,0.15825832112204313,0.041013268998793734,0.2731958762886598,0.3581081081081081,0.43650793650793657,0.3956834532374101,0.4769230769230769,0.5794227803480944,0.5821575862817452,0.7015218458517427,0.35896744130979,0.030151172753253176,0.7345132743362832,0.0,0.234375
75,HLOG11,Logística,117.48,0.002083152504122906,0.03799758745476478,0.2731958762886598,0.35135135135135137,0.40476190476190477,0.0,0.4057692307692307,0.583388411544393,0.5862817451703929,0.8609065619374898,0.048781897066162136,0.03154272110955856,0.584070796460177,0.0,0.03125
76,HMOC11,Shoppings,231.0,0.00025018253113240786,0.03015681544028951,0.1134020618556701,0.08783783783783784,0.07936507936507937,0.19424460431654678,0.17115384615384616,0.7100682969817141,0.7045799869763404,0.5442644411716576,0.02160943558528902,0.06588866463109593,0.5486725663716814,0.04468085106382979,0.015625
77,HPDP11,Shoppings,88.0,5.105765941477711e-06,0.015078407720144755,0.1443298969072165,0.07432432432432433,0.15079365079365079,0.0,0.10865384615384614,0.619960343688037,0.6168873453440417,0.8001963672066764,0.07232129533409028,0.026680927162218884,0.4778761061946903,0.04680851063829788,0.015625
78,HSML11,Shoppings,93.9,0.2524597027423069,0.024125452352231607,0.22164948453608246,0.20945945945945946,0.2142857142857143,0.2733812949640288,0.2769230769230769,0.6340603657193215,0.63425222487519,0.3051873670430371,0.41894439397099187,0.02786259322511457,0.49557522123893805,0.05212765957446809,0.078125
79,HTMX11,Hotel,123.7,0.02491613779441123,0.0,0.0,0.18243243243243246,0.29365079365079366,0.32374100719424465,0.07692307692307693,0.0,0.0,0.138602520045819,0.04651295377959992,0.0407545412203074,0.4247787610619469,1.0,0.359375
80,HUSC11,Outros,150.5,0.00022465370142501928,0.04402895054282268,0.24742268041237114,0.3310810810810811,0.2857142857142857,0.1798561151079137,0.18173076923076922,0.5899977968715576,0.5917082700238767,0.9052528227785959,0.01719574255999979,0.027741839028906253,1.0,0.06063829787234043,0.0
81,IBFF11,Títulos e Val. Mob.,78.47,0.00994603205399858,0.03015681544028951,0.3453608247422681,0.3581081081081081,0.40476190476190477,0.0,0.4894230769230769,0.634500991407799,0.6396787497286738,0.28718703976435933,0.013688372558075316,0.024616605427038588,0.45132743362831856,0.06063829787234043,0.0
82,IRDM11,Títulos e Val. Mob.,129.6,0.2792547624031819,0.06996381182147166,0.46907216494845366,0.5675675675675675,0.6190476190476191,0.5539568345323741,0.6759615384615385,0.7631636924432694,0.7729542001302365,0.9171984945180821,0.29986581629590453,0.027408327439378516,0.831858407079646,0.06063829787234043,0.0
83,JPPA11,Títulos e Val. Mob.,98.8,4.5951893473299396e-05,0.03739445114595899,0.31443298969072164,0.0,0.0,0.0,0.058653846153846154,0.619960343688037,0.6240503581506404,0.6764850270004908,0.011710858117967656,0.02852099110444088,0.5221238938053098,0.06063829787234043,0.0
84,JRDM11,Shoppings,76.0,0.0014602490592626252,0.009650180940892643,0.1134020618556701,0.0472972972972973,0.07936507936507937,0.2302158273381295,0.058653846153846154,0.5866931042079753,0.5825917082700238,0.23400425462281127,0.05914199184221829,0.02526925310654545,0.40707964601769914,0.043297872340425536,0.015625
85,JSRE11,Híbrido,97.8,0.1436047728700021,0.03196622436670688,0.2731958762886598,0.35135135135135137,0.38095238095238093,0.32374100719424465,0.38846153846153847,0.6336197400308439,0.6357716518341654,0.47439044346260834,0.6220288309649556,0.03149096931118356,0.4336283185840708,0.027872340425531918,0.0625
86,KFOF11,Títulos e Val. Mob.,110.85,0.012008761494355575,0.02774427020506635,0.211340206185567,0.27702702702702703,0.3888888888888889,0.3309352517985612,0.410576923076923,0.591980612469707,0.5921423920121555,0.5097365406643757,0.12634914986780632,0.030760693934114212,0.5575221238938053,0.06063829787234043,0.0
88,KNHY11,Títulos e Val. Mob.,110.0,0.050935121032181646,0.03860072376357057,0.29896907216494845,0.3581081081081081,0.3492063492063492,0.38848920863309355,0.47115384615384615,0.6422119409561577,0.6455393965704364,0.6323024054982818,0.2998554453826584,0.02954452667230186,0.584070796460177,0.06063829787234043,0.0
89,KNIP11,Títulos e Val. Mob.,108.12,0.22276456802667252,0.04463208685162847,0.3453608247422681,0.445945945945946,0.45238095238095233,0.4172661870503597,0.525,0.600572813395021,0.606034295637074,0.6627393225331369,1.0,0.029426647576003266,0.5752212389380531,0.06063829787234043,0.0
91,KNRI11,Híbrido,166.8,0.1366813542533583,0.03920386007237636,0.20103092783505155,0.2702702702702703,0.3174603174603175,0.2949640287769784,0.35,0.628552544613351,0.6277403950510093,0.5717558501063655,0.9838843071813227,0.044104032615133376,0.6106194690265486,0.06510638297872341,0.296875
92,LASC11,Shoppings,99.15,0.0005973746151528922,0.016284680337756336,0.13917525773195877,0.14864864864864866,0.0,0.0,0.09423076923076923,0.6181978409341266,0.6149337963967876,0.6660121093110783,0.06239551264752958,0.026709678161316103,0.5752212389380531,0.06170212765957447,0.046875
93,LGCP11,Logística,100.8,0.005989063449353355,0.03196622436670688,0.2731958762886598,0.3310810810810811,0.38095238095238093,0.0,0.37403846153846154,0.6197400308437981,0.6220968092033862,0.6470299459990182,0.0430027794159916,0.026678052062309165,0.5929203539823009,0.025106382978723404,0.046875
94,LUGG11,Residencial,105.9,0.0008884032738171217,0.027141133896260557,0.21649484536082475,0.2905405405405405,0.35714285714285715,0.0,0.35288461538461535,0.6148931482705442,0.6149337963967876,0.7157584683357878,0.024043410560349022,0.03039555624557953,0.5221238938053098,0.22340425531914893,0.0625
95,LVBI11,Logística,124.23,0.18659021633130293,0.03980699638118215,0.27835051546391754,0.3581081081081081,0.41269841269841273,0.36690647482014394,0.4067307692307693,0.6111478299184843,0.6136314304319513,0.7245949926362296,0.3452308336436205,0.030892948529961415,0.6637168141592921,0.07127659574468086,0.09375
96,MALL11,Shoppings,94.0,0.10756317108911093,0.021109770808202654,0.1958762886597938,0.19594594594594594,0.1746031746031746,0.23741007194244607,0.28173076923076923,0.6197400308437981,0.6188408942912959,0.3420062182948781,0.21227883203857373,0.029662405768600457,0.45132743362831856,0.031914893617021274,0.109375
97,MAXR11,Outros,2000.63,0.00015317297824433133,0.7539203860072378,0.3350515463917526,0.5878378378378378,0.5158730158730159,0.4388489208633094,0.43173076923076925,0.5950649922890505,0.6001736487953115,0.42988054328260505,0.03328976340665502,0.6414980420569615,0.46017699115044247,0.0,0.125
98,MBRF11,Outros,1286.9,0.00010211531882955421,0.5428226779252111,0.36597938144329895,0.4797297297297297,0.5555555555555555,0.49640287769784175,0.6115384615384616,0.6270103547036793,0.6331669199044931,0.7257404680085091,0.032855666292821835,0.3688925690167733,0.5486725663716814,0.0,0.03125
99,MCCI11,Títulos e Val. Mob.,102.99,0.08863099097811158,0.03618817852834741,0.29896907216494845,0.39864864864864863,0.47619047619047616,0.38129496402877705,0.5384615384615384,0.628552544613351,0.631864553939657,0.7561773850433643,0.18861436470855342,0.027511831036128503,0.584070796460177,0.06063829787234043,0.0
100,MFAI11,Híbrido,115.85,0.0012458068897205615,0.03558504221954162,0.24742268041237114,1.0,0.0,0.0,0.42596153846153845,0.6170962767129324,0.6184067723030172,0.8764522991327114,0.0003996553116431037,0.027324949541996584,0.7079646017699115,0.06063829787234043,0.0
101,MFII11,Híbrido,130.49,0.02453831111474188,0.06091676718938481,0.4020618556701031,0.5270270270270271,0.634920634920635,0.5827338129496403,0.7048076923076922,0.6765807446574136,0.6839591925331018,0.6949762722958599,0.07453006626673012,0.03209474029222516,0.672566371681416,0.06063829787234043,0.140625
102,MGFF11,Títulos e Val. Mob.,88.31,0.09809708103361126,0.03015681544028951,0.288659793814433,0.3783783783783784,0.47619047619047616,0.4460431654676259,0.5355769230769231,0.48843357567746204,0.4925113957021923,0.3807887416134838,0.20810250753715834,0.024145089041844203,0.5663716814159292,0.06063829787234043,0.0
103,MGHT11,Hotel,95.0,0.007403360615142681,0.03618817852834741,0.30927835051546393,0.4054054054054054,0.42063492063492064,0.0,0.30865384615384617,0.6133509583608724,0.6173214673323204,0.7146129929635083,0.020066372450875856,0.027764839828184028,0.504424778761062,0.06063829787234043,0.0
104,MORE11,Títulos e Val. Mob.,111.25,0.0059788519174703994,0.05428226779252111,0.4175257731958763,0.5472972972972974,0.0,0.0,0.32019230769230766,0.7224058162590878,0.7299761232906448,0.8792341678939617,0.013502913833076535,0.027888469124302068,0.6460176991150443,0.06063829787234043,0.0
106,NCHB11,Títulos e Val. Mob.,94.0,0.001838075738931976,0.019300361881785286,0.1752577319587629,0.07432432432432433,0.047619047619047616,0.0,0.032692307692307694,0.619960343688037,0.6181897113088778,0.6720667648502701,0.011669766537912499,0.025076621412594084,0.584070796460177,0.06063829787234043,0.0
107,NEWL11,Híbrido,102.94,0.0020576236744155175,0.04221954161640531,0.35567010309278346,0.47297297297297297,0.3174603174603175,0.0,0.4019230769230769,0.6305353602115004,0.6362057738224441,0.4390443462608411,0.023973383387652016,0.031919359197732124,0.46017699115044247,0.0,0.015625
108,NEWU11,Lajes Corporativas,45.64,5.1057659414777105e-05,0.0,0.0,0.0,0.07142857142857142,1.0,0.058653846153846154,0.5309539546155541,0.5231169958758412,0.1490754377352315,0.011624669884186738,0.019041786702087896,0.24778761061946902,0.5138297872340425,0.046875
109,NSLU11,Hospital,280.0,0.006259669044251673,0.10916767189384802,0.3402061855670103,0.6081081081081081,0.7301587301587302,0.5755395683453238,0.6711538461538462,0.5765587133729897,0.5821575862817452,0.9672721322205858,0.05627825977763719,0.054005876704215465,0.9646017699115044,0.0,0.015625
112,ONEF11,Lajes Corporativas,146.02,0.0009445666991733765,0.03799758745476478,0.21649484536082475,0.2905405405405405,0.3333333333333333,0.2877697841726619,0.35865384615384616,0.6219431592861864,0.6218797482092469,0.554082801505482,0.03552178544910579,0.04357213913183483,0.504424778761062,0.10957446808510639,0.015625
113,OUCY11,Títulos e Val. Mob.,81.48,0.02312911971489403,0.03317249698431846,0.3453608247422681,0.445945945945946,0.5158730158730159,0.45323741007194246,0.5605769230769231,0.5913196739369905,0.5969177338832212,0.41302569137620676,0.019757844513157173,0.027411202539288238,0.39823008849557523,0.06063829787234043,0.0
114,OUFF11,Títulos e Val. Mob.,84.0,0.006121813363831775,0.027141133896260557,0.2731958762886598,0.3310810810810811,0.5158730158730159,0.4676258992805756,0.5865384615384615,0.6087243886318572,0.6110266985022792,0.42988054328260505,0.04134974219832141,0.02491561581764966,0.49557522123893805,0.06063829787234043,0.0
115,OUJP11,Títulos e Val. Mob.,102.36,0.03332022853408354,0.026537997587454766,0.22164948453608246,0.30405405405405406,0.42063492063492064,0.4172661870503597,0.49903846153846154,0.551883674818242,0.5526372910787931,0.5598101783668793,0.06014656402462067,0.028477864605795048,0.5486725663716814,0.06063829787234043,0.0
116,OULG11,Outros,90.69,0.020770255849931328,0.0367913148371532,0.3453608247422681,0.4391891891891892,0.5238095238095238,0.460431654676259,0.5384615384615384,0.565102445472571,0.5708704145864988,0.4976272295859924,0.06185890990091366,0.026885059255809137,0.49557522123893805,0.0,0.03125
118,PATC11,Lajes Corporativas,87.62,0.06410799716119414,0.017490952955367914,0.17010309278350516,0.21621621621621623,0.24603174603174602,0.2302158273381295,0.27403846153846156,0.6331791143423662,0.6312133709572391,0.4115529373261332,0.09053098635845928,0.027813716526649303,0.4424778761061947,0.0,0.078125
119,PATL11,Híbrido,96.6,0.14388048423084188,0.02955367913148372,0.26288659793814434,0.0,0.0,0.0,0.04903846153846154,0.619960343688037,0.6218797482092469,0.6748486336115201,0.12716267553759372,0.027017313851656344,0.5486725663716814,0.07446808510638298,0.03125
120,PLCR11,Híbrido,84.26,0.011360329219787907,0.02774427020506635,0.2835051546391753,0.3310810810810811,0.32539682539682535,0.0,0.3269230769230769,0.6604979070279797,0.6629042761015845,0.48240877106856483,0.05234009735942505,0.02692243555463552,0.4336283185840708,0.06063829787234043,0.0
121,PLRI11,Títulos e Val. Mob.,41.27,0.0025120368432070338,0.013268998793727383,0.26804123711340205,0.33783783783783783,0.4285714285714286,0.3165467625899281,0.40384615384615385,0.4802820004406257,0.4838289559366182,0.2855506463753886,0.012896754437628345,0.016054557895886883,0.2831858407079646,0.06063829787234043,0.0
122,PORD11,Títulos e Val. Mob.,99.99,0.02341504260761678,0.04945717732207479,0.422680412371134,0.5,0.5634920634920635,0.7985611510791368,0.6432692307692308,0.6067415730337078,0.6155849793792055,0.6615938471608575,0.05113015430457834,0.0281817293150937,0.5398230088495575,0.06063829787234043,0.0
123,PQAG11,Logística,652.02,0.03622030358884288,0.20868516284680338,0.0,0.0,0.0,0.0,0.0,0.619960343688037,0.6108096375081398,0.6665030273277696,0.20517163561610494,0.1585042580229663,0.7079646017699115,0.06063829787234043,0.015625
124,PQDP11,Shoppings,3149.92,2.0423063765910843e-05,0.8727382388419784,0.2731958762886598,0.2972972972972973,0.3492063492063492,0.32374100719424465,0.10673076923076924,0.22009253139458035,0.22617755589320604,0.38422516773032234,0.21979200332000842,1.0,0.46017699115044247,0.04468085106382979,0.015625
125,PRSV11,Lajes Corporativas,390.0,0.002011671780942218,0.09770808202653801,0.21649484536082475,0.3445945945945946,0.38095238095238093,0.3597122302158274,0.4288461538461538,0.736726151134611,0.7354026481441286,0.48240877106856483,0.01689604245063652,0.10388310993807033,0.6106194690265486,0.2296808510638298,0.03125
126,PVBI11,Lajes Corporativas,99.83,0.12880826317159969,0.027141133896260557,0.23195876288659795,0.10135135135135134,0.06349206349206349,0.02877697841726619,0.04326923076923077,0.6109275170742454,0.6116778814846972,0.6671575846833578,0.24885501100680488,0.026933935954274412,0.5752212389380531,0.0,0.03125
127,QAGR11,Outros,85.99,0.10791036317313142,0.021712907117008445,0.22164948453608246,0.2702702702702703,0.2857142857142857,0.0,0.24423076923076922,0.6327384886538885,0.6329498589103538,0.4845360824742268,0.12774144243865457,0.026873558856170248,0.45132743362831856,0.06063829787234043,0.1875
128,QMFF11,Títulos e Val. Mob.,99.97,8.169225506364337e-05,0.04523522316043426,0.3865979381443299,0.0,0.0,0.0,0.07211538461538461,0.619960343688037,0.6270892120685913,0.6787759777450498,0.0019759563476535046,0.028302483511302014,0.5398230088495575,0.06063829787234043,0.0
129,RBBV11,Títulos e Val. Mob.,91.39,0.0028694404591104736,0.019300361881785286,0.18041237113402062,0.14189189189189189,0.15873015873015875,0.23741007194244607,0.2769230769230769,0.6593963428067856,0.6574777512481007,0.667484863361152,0.031513283019322276,0.02798334742132289,0.4690265486725664,0.06063829787234043,0.015625
131,RBCO11,Lajes Corporativas,86.0,0.07873601658352777,0.03317249698431846,0.3247422680412371,0.33783783783783783,0.3888888888888889,0.4172661870503597,0.525,0.6986120290812955,0.7026264380290863,0.07281950580919647,0.10147576012554675,0.028641745300649196,0.40707964601769914,0.2978723404255319,0.046875
133,RBED11,Outros,162.0,0.008281552357076847,0.06031363088057902,0.31443298969072164,0.4054054054054054,0.48412698412698413,0.4244604316546763,0.5288461538461539,0.5496805463758537,0.554373779031908,0.6113565701194568,0.06939859300404642,0.04218921607525861,0.6194690265486725,0.0,0.078125
134,RBFF11,Títulos e Val. Mob.,73.71,0.06259158467657526,0.03317249698431846,0.3865979381443299,0.5135135135135135,0.5,0.60431654676259,0.5528846153846154,0.6754791804362195,0.6820056435858477,0.38569792178039597,0.054903373096483375,0.021557499123094525,0.504424778761062,0.06063829787234043,0.0
135,RBGS11,Shoppings,39.43,0.011549242559622582,0.003015681544028951,0.061855670103092786,0.02702702702702703,0.20634920634920637,0.2733812949640288,0.14807692307692308,0.736726151134611,0.7286737573258085,0.085583374243168,0.023009723691483908,0.02420546613994836,0.061946902654867256,0.14361702127659576,0.015625
136,RBIV11,Títulos e Val. Mob.,84.5,0.012202780600131729,0.03256936067551267,0.3350515463917526,0.41216216216216217,0.4285714285714286,0.0,0.4067307692307693,0.6486010134390835,0.6531365313653137,0.4562264768450335,0.02466993976309987,0.0272616973439827,0.4247787610619469,0.06063829787234043,0.0
138,RBRF11,Títulos e Val. Mob.,97.85,0.15500594821732183,0.04523522316043426,0.3969072164948454,0.4054054054054054,0.47619047619047616,0.43165467625899284,0.5153846153846154,0.6129103326723948,0.6205773822444107,0.36589756177385035,0.22691884893014894,0.025967902384607864,0.5929203539823009,0.06063829787234043,0.0
139,RBRL11,Logística,111.9,0.008526629122267777,0.03377563329312425,0.25257731958762886,0.445945945945946,0.5079365079365079,0.0,0.39326923076923076,0.5860321656752588,0.5878011721293684,0.9558173784977908,0.08604598922930784,0.028684871799295027,0.6283185840707964,0.0,0.078125
140,RBRP11,Outros,93.42,0.17554644459988666,0.03498190591073583,0.31443298969072164,0.41216216216216217,0.4444444444444445,0.34532374100719426,0.4769230769230769,0.7109495483586694,0.7143477317126111,0.8119783996072656,0.19421591252850653,0.023851828851052574,0.6283185840707964,0.09574468085106383,0.1875
141,RBRR11,Títulos e Val. Mob.,99.53,0.07448801932021833,0.03015681544028951,0.25257731958762886,0.33783783783783783,0.42063492063492064,0.38848920863309355,0.4721153846153846,0.6560916501432034,0.6572606902539614,0.6665030273277696,0.19729150045687574,0.027230071244975763,0.5663716814159292,0.06063829787234043,0.0
142,RBRY11,Títulos e Val. Mob.,104.0,0.005621448301566959,0.03618817852834741,0.29896907216494845,0.39864864864864863,0.49206349206349204,0.45323741007194246,0.5548076923076922,0.6349416170962767,0.6381593227696983,0.6208476517754868,0.05259788444446885,0.029251266481510232,0.5398230088495575,0.06063829787234043,0.0
144,RBVO11,Outros,23.79,0.009460984289558197,0.007237635705669482,0.2938144329896907,0.3918918918918919,0.3888888888888889,0.34532374100719426,0.40384615384615385,0.7268120731438643,0.7293249403082266,0.2119129438717067,0.0020856839995021777,0.007866273352999015,0.36283185840707965,0.06063829787234043,0.0
145,RCRB11,Lajes Corporativas,173.8,0.03557697708021669,0.05126658624849216,0.24742268041237114,0.3310810810810811,0.4285714285714286,0.32374100719424465,0.40865384615384615,0.7246089447014761,0.7247666594313003,0.05203730976926853,0.15498761266804267,0.05592644344390967,0.4424778761061947,0.0,0.15625
146,RDPD11,Títulos e Val. Mob.,80.78,0.0010109416564125868,0.018697225572979495,0.1907216494845361,0.25,0.35714285714285715,0.3309352517985612,0.39615384615384613,0.663802599691562,0.6622530931191665,0.6570119456717395,0.026043322085024044,0.027232946344885482,0.39823008849557523,0.06063829787234043,0.0
147,RECR11,Títulos e Val. Mob.,99.9,0.25233716435971143,0.07901085645355851,0.6958762886597939,0.6554054054054054,0.6666666666666666,0.5755395683453238,0.7519230769230769,0.4664022912535801,0.4866507488604298,0.6334478808705611,0.18643683006946063,0.027135192947954943,0.5752212389380531,0.06063829787234043,0.0
148,RECT11,Híbrido,96.02,0.16360405806277029,0.04342581423401689,0.3814432989690722,0.5202702702702703,0.634920634920635,0.6115107913669064,0.698076923076923,0.570169640890064,0.5773822444106794,0.6838487972508591,0.177243482616926,0.026824682157704977,0.5486725663716814,0.1127659574468085,0.109375
149,RFOF11,Títulos e Val. Mob.,86.0,0.012376376642141971,0.03015681544028951,0.30927835051546393,0.3310810810810811,0.0,0.0,0.22884615384615384,0.7105089226701916,0.7136965487301933,0.7262313860252004,0.02534686415277781,0.02653429706682307,0.46017699115044247,0.06063829787234043,0.0
150,RNDP11,Títulos e Val. Mob.,795.0,0.00010211531882955421,0.18817852834740653,0.1958762886597938,0.23648648648648649,0.29365079365079366,0.2949640287769784,0.32596153846153847,0.3923771755893369,0.39396570436292594,0.420389461626575,0.029061464869182024,0.31090755403750275,0.30973451327433627,0.06063829787234043,0.0
151,RNGO11,Lajes Corporativas,71.09,0.024058369116242973,0.025331724969843185,0.29896907216494845,0.39864864864864863,0.4682539682539682,0.3956834532374101,0.4875,0.6040978189028421,0.6077707835901889,0.20389461626575026,0.0712987513980048,0.02866187100001725,0.2743362831858407,0.21595744680851064,0.046875
152,RVBI11,Títulos e Val. Mob.,92.09,0.02323634079966506,0.03618817852834741,0.3350515463917526,0.445945945945946,0.43650793650793657,0.0,0.3471153846153846,0.7318792685613571,0.7358367701324072,0.6077565046637212,0.0345069880484335,0.026499795867906406,0.5221238938053098,0.06063829787234043,0.0
153,SADI11,Títulos e Val. Mob.,82.31,0.01597083586494228,0.010856453558504222,0.10824742268041238,0.17567567567567569,0.23809523809523808,0.23741007194244607,0.2826923076923077,0.6466181978409341,0.641632298675928,0.46588119783996074,0.0832669250775382,0.028035099219697882,0.3893805309734513,0.06063829787234043,0.0
154,SARE11,Híbrido,96.14,0.01877900713275502,0.011459589867310013,0.09278350515463918,0.16216216216216217,0.2142857142857143,0.0,0.22980769230769232,0.6043181317470808,0.5995224658128935,0.6013745704467354,0.09407377474201277,0.027897094424031234,0.5132743362831859,0.0,0.03125
155,SCPF11,Shoppings,9.09,0.005223198558131698,0.0006031363088057902,0.08762886597938145,0.04054054054054054,0.16666666666666666,0.2877697841726619,0.19519230769230766,0.5714915179554968,0.5665291947037118,0.03485517918507602,0.010817070638397047,0.00246971082245108,0.36283185840707965,0.27765957446808515,0.015625
156,SDIL11,Logística,100.8,0.06800880234048311,0.03317249698431846,0.27835051546391754,0.35135135135135137,0.38095238095238093,0.3381294964028777,0.4115384615384616,0.5908790482485129,0.5938788799652702,0.482736049746359,0.11997488650015538,0.02668955246194805,0.5929203539823009,0.06489361702127659,0.046875
157,SHPH11,Shoppings,887.0,0.00030124019054718495,0.06513872135102534,0.061855670103092786,0.12162162162162161,0.11111111111111112,0.17266187050359713,0.16826923076923075,0.5631196298744218,0.5574126329498589,0.5027000490918017,0.12564493732840307,0.2248011868412427,0.6637168141592921,0.08936170212765958,0.015625
158,SPTW11,Lajes Corporativas,90.19,0.017609786732156626,0.04523522316043426,0.422680412371134,0.6148648648648649,0.6587301587301587,0.6258992805755396,0.7480769230769231,0.8468825732540206,0.8539179509442154,0.8795614465717558,0.03434140023549489,0.020956603241962656,0.7168141592920354,0.0,0.015625
160,TEPP11,Lajes Corporativas,88.68,0.03796647554082826,0.03015681544028951,0.2835051546391753,0.3783783783783784,0.43650793650793657,0.0,0.47500000000000003,0.5609165014320335,0.5641415237681789,0.47373588610702005,0.09105679091861292,0.026864933556441085,0.4778761061946903,0.23404255319148937,0.046875
161,TGAR11,Outros,134.89,0.1557718131085435,0.06031363088057902,0.3917525773195876,0.5540540540540541,0.6904761904761905,0.5539568345323741,0.6615384615384615,0.5750165234633179,0.5825917082700238,0.6882670594010799,0.1940904639581433,0.034992841001224795,0.6194690265486725,0.06063829787234043,0.0
162,THRA11,Lajes Corporativas,133.5,0.005350842706668641,0.04644149577804584,0.2938144329896907,0.26351351351351354,0.3492063492063492,0.3165467625899281,0.3769230769230769,0.5959462436660057,0.599305404818754,0.561282932416953,0.04462956700198191,0.03328503165485001,0.6548672566371682,0.10436170212765958,0.015625
163,TORD11,Outros,10.7,0.2178936673185028,0.005428226779252111,0.4536082474226804,0.6013513513513513,0.0,0.0,0.5365384615384615,0.640669751046486,0.6505317994356414,0.8735067910325641,0.007972166579154068,0.0020355707360830786,0.6106194690265486,0.06063829787234043,0.0
164,TRNT11,Lajes Corporativas,183.1,0.0059329000239971,0.041013268998793734,0.18556701030927836,0.18243243243243246,0.22222222222222224,0.20863309352517986,0.22596153846153846,0.6437541308658294,0.642283481658346,0.3354606447389952,0.23165182777168242,0.06305094102020045,0.3893805309734513,0.41914893617021276,0.015625
165,TRXF11,Outros,99.99,0.06281623837800028,0.027141133896260557,0.23195876288659795,0.31756756756756754,0.4603174603174603,0.0,0.5125,0.6047587574355585,0.6053831126546559,0.5297005400098184,0.12075964730270129,0.027991972721052055,0.5486725663716814,0.0,0.5
166,URPR11,Outros,111.13,0.02165865912374845,0.12967430639324487,1.0,0.0,0.0,0.0,0.3038461538461539,0.619960343688037,0.6529194703711744,0.7185403370970381,0.006169193464341114,0.028308233711121462,0.6371681415929203,0.06063829787234043,0.0
167,VCJR11,Títulos e Val. Mob.,102.25,0.0211429767636592,0.04221954161640531,0.35567010309278346,0.3648648648648649,0.3888888888888889,0.0,0.3798076923076923,0.6364838070059484,0.6420664206642067,0.6273932253313697,0.1532465424302293,0.027917220123399287,0.5663716814159292,0.06063829787234043,0.0
168,VGIP11,Outros,99.86,0.018462449644383403,0.05126658624849216,0.4381443298969072,0.5202702702702703,0.6507936507936507,0.0,0.4721153846153846,0.6208415950649923,0.6301280659865423,1.0,0.040445788060715124,0.026738429160413323,0.584070796460177,0.06063829787234043,0.0
169,VGIR11,Títulos e Val. Mob.,88.29,0.030762239797403206,0.027141133896260557,0.26288659793814434,0.3445945945945946,0.42063492063492064,0.41007194244604317,0.4807692307692307,0.7252698832341926,0.7262860863902757,0.45099001800032723,0.11453472484845306,0.027002938352107732,0.4690265486725664,0.06063829787234043,0.0
170,VIFI11,Títulos e Val. Mob.,96.89,0.04753468091515749,0.03920386007237636,0.3453608247422681,0.4594594594594595,0.0,0.0,0.2576923076923077,0.5765587133729897,0.5823746472758845,0.6519391261659302,0.07426025386030366,0.028365735709315894,0.504424778761062,0.06063829787234043,0.0
171,VILG11,Logística,132.0,0.22843707398765425,0.03015681544028951,0.1958762886597938,0.30405405405405406,0.35714285714285715,0.3525179856115108,0.4125,0.7100682969817141,0.7082700238767095,0.6658484699721813,0.3221193095117977,0.031571472108655775,0.6991150442477876,0.0,0.15625
172,VINO11,Lajes Corporativas,60.58,0.18997023338456118,0.021109770808202654,0.30412371134020616,0.4054054054054054,0.5158730158730159,0.0,0.5461538461538461,0.6576338400528751,0.6609507271543303,0.5697921780396006,0.15863183498932812,0.01655195018026876,0.5486725663716814,0.05212765957446809,0.125
173,VISC11,Shoppings,117.0,0.14583599258642785,0.012062726176115804,0.09278350515463918,0.10810810810810811,0.15873015873015875,0.23741007194244607,0.23557692307692307,0.6331791143423662,0.6277403950510093,0.371952217313042,0.4406260671145533,0.0325346305784126,0.5575221238938053,0.07659574468085106,0.234375
174,VLOL11,Lajes Corporativas,105.09,0.02165355335780697,0.028347406513872138,0.23195876288659795,0.3108108108108108,0.3492063492063492,0.30935251798561153,0.3711538461538461,0.6624807226261291,0.6626872151074452,0.5432826051382752,0.041178739803490884,0.025240502107448232,0.6902654867256637,0.0851063829787234,0.015625
175,VOTS11,Títulos e Val. Mob.,82.99,0.0,0.018697225572979495,0.1958762886597938,0.25675675675675674,0.30952380952380953,0.32374100719424465,0.35865384615384616,0.5970478078871998,0.5964836118949425,0.46588119783996074,0.019535660879861028,0.02725882224407298,0.415929203539823,0.06063829787234043,0.0
176,VRTA11,Títulos e Val. Mob.,104.9,0.22744655539500758,0.0367913148371532,0.30412371134020616,0.3648648648648649,0.5,0.4388489208633094,0.5499999999999999,0.6043181317470808,0.6079878445843282,0.3982981508754704,0.2706628904623639,0.028503740504982545,0.5752212389380531,0.06063829787234043,0.0
177,VSHO11,Shoppings,86.6,0.0005258938919722043,0.0,0.0,0.26351351351351354,0.38095238095238093,0.38848920863309355,0.11346153846153845,0.04428288169200268,0.04362925982201002,0.21125838651611842,0.0531432424512558,0.027471579637392395,0.4424778761061947,0.060319148936170214,0.046875
178,VTLT11,Logística,118.8,0.015894249375820114,0.04342581423401689,0.31443298969072164,0.42567567567567566,0.4285714285714286,0.4244604316546763,0.49615384615384617,0.7166776823088786,0.719774256566095,0.7821960399279987,0.05536209634970791,0.028382986308774227,0.6991150442477876,0.0,0.015625
179,VVPR11,Híbrido,100.3,0.0005258938919722043,0.03256936067551267,0.2835051546391753,0.35135135135135137,0.4444444444444445,0.0,0.4576923076923077,0.5490196078431373,0.5524202300846538,0.6116838487972508,0.05023062090337697,0.028903379392433884,0.5221238938053098,0.0,0.0625
180,WPLZ11,Shoppings,79.3,0.0013019703150768162,0.003015681544028951,0.030927835051546393,0.08108108108108109,0.27777777777777773,0.302158273381295,0.2048076923076923,0.6051993831240361,0.5977859778597786,0.27000490918016684,0.023357967992583932,0.02597940278424675,0.415929203539823,0.08297872340425531,0.015625
181,WTSP11B,Híbrido,53.5,0.00012253838259546505,0.007840772014475273,0.1288659793814433,0.17567567567567569,0.2619047619047619,0.2949640287769784,0.33365384615384613,0.5316148931482706,0.5289776427176036,0.26951399116347563,0.022087624725435594,0.025364131403566272,0.18584070796460178,0.06063829787234043,0.0
182,XPCI11,Outros,90.28,0.15589945725708043,0.03498190591073583,0.3402061855670103,0.4594594594594595,0.5238095238095238,0.0,0.5711538461538461,0.6532275831680987,0.6579118732363795,0.4984454262804778,0.16923929783814154,0.027227196145066038,0.4778761061946903,0.06063829787234043,0.0
184,XPHT11,Hotel,93.0,0.005182352430599876,0.020506634499396867,0.2061855670103093,0.23648648648648649,0.29365079365079366,0.0,0.10096153846153846,0.2174487772637145,0.2214022140221402,0.39011618393061687,0.12435688008218557,0.03512222049716227,0.3185840707964602,0.9861702127659575,0.078125
185,XPIN11,Outros,116.0,0.06953032059104347,0.03739445114595899,0.2731958762886598,0.3648648648648649,0.42063492063492064,0.38129496402877705,0.4769230769230769,0.64177131526768,0.6440199696114609,0.5599738177057765,0.1931566385096548,0.031051079024996115,0.5929203539823009,0.09468085106382979,0.078125
186,XPLG11,Logística,135.0,0.2278805455000332,0.03498190591073583,0.22164948453608246,0.30405405405405406,0.3650793650793651,0.34532374100719426,0.40865384615384615,0.7620621282220754,0.7607987844584327,0.7309769268532155,0.6058247108161035,0.030665815637093384,0.7522123893805309,0.10638297872340426,0.203125
187,XPML11,Shoppings,114.12,0.2539710094609843,0.015681544028950545,0.12371134020618557,0.0945945945945946,0.14285714285714285,0.1654676258992806,0.13942307692307693,0.6311962987442168,0.6270892120685913,0.3400425462281132,0.5404515420433986,0.031214959719850263,0.5663716814159292,0.05106382978723404,0.203125
188,XPPR11,Outros,88.59,0.050991284457537894,0.04463208685162847,0.4536082474226804,0.5472972972972974,0.6666666666666666,0.0,0.6413461538461538,0.3985459352280238,0.4100282179292381,0.39011618393061687,0.1103967138012492,0.027172569246781325,0.4690265486725664,0.1702127659574468,0.0625
189,XPSF11,Outros,96.49,0.16148005943111557,0.04221954161640531,0.37628865979381443,0.48648648648648646,0.5952380952380952,0.0,0.5750000000000001,0.5842696629213483,0.5910570870414587,0.7347406316478481,0.08824703925298477,0.02817022891545481,0.5132743362831859,0.06063829787234043,0.0
