,Códigodo fundo,Setor,Preço Atual,Liquidez Diária,Dividendo,DividendYield,DY (3M)Média,DY (6M)Média,DY (12M)Média,DY Ano,Variação Preço,Rentab.Período,Rentab.Acumulada,PatrimônioLíq.,VPA,P/VPA,VacânciaFísica,QuantidadeAtivos
0,FIVN11,Shoppings,3.95,0.004132203549785301,0.0,0.0,0.0,0.0,0.0,0.0,0.7246973989183622,0.7131272174353775,0.6089408528198075,0.016643549469250677,0.0014898158854398291,0.2,0.6407322654462242,0.015625
1,BZLI11,Títulos e Val. Mob.,14.9,0.20448677762273587,0.0,0.0,0.0,0.0,0.0,0.0,0.7422096317280453,0.7303598580841358,0.6246217331499313,0.1102872931827372,0.002868451480921462,0.784,0.06864988558352403,0.0
3,ALMI11,Lajes Corporativas,1170.1,0.0004920894928781843,0.0,0.0,0.0,0.0,0.0,0.0,0.7831573525624518,0.7706538266599088,0.2198074277854196,0.05582045699393631,0.6333115208193034,0.256,0.8145308924485125,0.015625
4,DOMC11,Lajes Corporativas,439.0,0.0002763790302466514,0.0,0.0,0.0,0.0,0.0,0.0,0.8367241823332475,0.8233654333502282,0.47138927097661626,0.06672407868571256,0.3420191611288293,0.112,0.26819221967963386,0.015625
10,ATSA11,Shoppings,118.0,6.740951957235401e-06,0.017205781142463867,0.11392405063291139,0.15267175572519084,0.16666666666666666,0.1798561151079137,0.033605812897366034,0.7437548287406645,0.7364419665484034,0.6240715268225585,0.04729766651749108,0.03412599585774006,0.64,0.21853546910755148,0.015625
11,XPHT11,Hotel,91.19,0.00041793902134859486,0.023399862353750862,0.25316455696202533,0.2671755725190839,0.2803030303030303,0.0,0.09536784741144415,0.25418490857584347,0.2584896097313735,0.37661623108665754,0.12176776220385285,0.03874474276057483,0.368,1.0,0.078125
12,HTMX11,Hotel,124.94,0.015558117117299305,0.0,0.0,0.20610687022900764,0.2803030303030303,0.32374100719424465,0.07266121707538602,0.0,0.0,0.16519944979367268,0.0452868993660214,0.04495177951995527,0.48,0.9496567505720823,0.359375
13,BPML11,Shoppings,99.49,0.00037075235764794703,0.019270474879559536,0.1962025316455696,0.0,0.0,0.0,0.02815622161671208,0.7246973989183622,0.7209832742017233,0.6132049518569465,0.1504868632128915,0.0422707462421062,0.368,0.06864988558352403,0.109375
14,RBGS11,Shoppings,39.5,0.013670650569273394,0.003441156228492774,0.07594936708860758,0.030534351145038167,0.19696969696969696,0.2733812949640288,0.13987284287011809,0.8611898016997167,0.8507349214394323,0.12063273727647872,0.022529068804194644,0.0268262156770562,0.144,0.15446224256292906,0.015625
15,WPLZ11,Shoppings,75.0,0.010515885053287224,0.003441156228492774,0.03797468354430379,0.09160305343511449,0.26515151515151514,0.302158273381295,0.19346049046321526,0.7074426989441154,0.6979219462747085,0.2756533700137552,0.02272091013083531,0.028611453475813526,0.432,0.08581235697940504,0.015625
16,GSFI11,Shoppings,3.17,0.05297714143191302,0.0,0.018987341772151896,0.007633587786259542,0.0,0.0,0.0027247956403269754,0.7246973989183622,0.713887480993411,0.609353507565337,0.2102607799041334,0.002855745162069097,0.0,0.06864988558352403,0.15625
17,FVPQ11,Shoppings,146.99,0.00639042245545916,0.005505849965588438,0.03164556962025317,0.1297709923664122,0.12121212121212122,0.2877697841726619,0.15622161671207993,0.6250321916044296,0.6163203243791181,0.24855570839064653,0.1536597381110765,0.0668670029605723,0.336,0.08810068649885583,0.015625
18,NEWU11,Lajes Corporativas,43.5,0.00033704759786177006,0.0,0.0,0.0,0.06818181818181818,1.0,0.055404178019981834,0.6206541334020088,0.6107450582868728,0.1740027510316369,0.011332054292346431,0.020990838744107444,0.288,0.5526315789473684,0.046875
20,PRSV11,Lajes Corporativas,163.9,0.00014830094305917882,0.11149346180316587,0.26582278481012656,0.3893129770992366,0.3636363636363636,0.3597122302158274,0.405086285195277,0.8611898016997167,0.858590978205778,0.45419532324621736,0.010061034638241194,0.07451938348940929,0.336,0.41590389016018303,0.03125
23,FLMA11,Híbrido,3.02,0.35933318503239026,0.0006882312456985548,0.15189873417721517,0.16793893129770993,0.14393939393939392,0.18705035971223025,0.22706630336058128,0.6649497810970899,0.6601621895590472,0.2840440165061898,0.05025916056122393,0.0,0.616,0.06864988558352403,0.03125
24,SCPF11,Shoppings,9.04,0.009221622277498029,0.0013764624913971096,0.12658227848101267,0.09160305343511449,0.12878787878787878,0.2589928057553957,0.2025431425976385,0.7594643317022921,0.752660922453117,0.09105914718019263,0.010586094344240883,0.0027318585532585355,0.416,0.2997711670480549,0.015625
25,VGIP11,Outros,98.94,0.10069634033718242,0.06882312456985547,0.6265822784810127,0.6564885496183206,0.5984848484848485,0.0,0.5358764759309719,0.7571465361833635,0.7704004054738975,0.9266850068775792,0.03921862449003584,0.02937065602724235,0.616,0.06864988558352403,0.0
26,QAGR11,Outros,83.18,0.10363539539053705,0.025464556090846524,0.27848101265822783,0.3129770992366412,0.28787878787878785,0.0,0.2706630336058129,0.7004893123873294,0.7004561581348201,0.4499312242090784,0.12482144049036774,0.02976137533195258,0.472,0.06864988558352403,0.1875
27,BRCR11,Híbrido,87.3,0.6568855453767181,0.03234686854783207,0.33544303797468356,0.3893129770992366,0.3712121212121212,0.3597122302158274,0.4087193460490463,0.637651300540819,0.6406487582361886,0.4160935350756534,0.7338257326353215,0.03276006658111079,0.44,0.19221967963386727,0.21875
28,MAXR11,Outros,1979.69,0.00020222855871706203,0.799036476256022,0.36708860759493667,0.4580152671755725,0.47727272727272724,0.4388489208633094,0.4604904632152589,0.8246201390677312,0.8269133299543843,0.4628610729023384,0.032473706091212126,0.7087171700486653,0.496,0.0,0.125
29,FAED11,Outros,208.89,0.0011998894483879012,0.08740536820371646,0.38607594936708856,0.4580152671755725,0.45454545454545453,0.43165467625899284,0.5495004541326067,0.6330157095029617,0.6378611251900659,0.3452544704264099,0.03229704718735617,0.06421138232042796,0.6,0.0,0.046875
30,DRIT11B,Lajes Corporativas,139.99,0.0001415599911019434,0.034411562284927734,0.23417721518987342,0.25190839694656486,0.22727272727272727,0.24460431654676262,0.3006357856494096,0.6052021632758177,0.604409528636594,0.4491059147180193,0.0137258112450222,0.0404791552839227,0.64,0.27139588100686496,0.09375
31,ONEF11,Lajes Corporativas,148.37,0.0026626760231079835,0.04404679972470751,0.2721518987341772,0.3282442748091603,0.3181818181818182,0.2949640287769784,0.3778383287920073,0.7334535153232038,0.7326406487582362,0.5242090784044017,0.034661786711030325,0.04815377187075132,0.552,0.11784897025171624,0.015625
32,MBRF11,Outros,1030.5,0.0018470208362824998,0.4748795595320028,0.34177215189873417,0.4961832061068702,0.5151515151515151,0.48920863309352525,0.6276112624886467,0.7267576616018543,0.728839330968069,0.6675378266850068,0.03205584079312645,0.4076091790447389,0.424,0.0,0.03125
33,NCHB11,Títulos e Val. Mob.,93.19,0.005621953932334324,0.035788024776324846,0.36708860759493667,0.23664122137404578,0.11363636363636363,0.0,0.08356039963669391,0.6049446304403813,0.6092245311708059,0.5569463548830812,0.011556602107896963,0.028030139388317814,0.6,0.06864988558352403,0.0
35,THRA11,Lajes Corporativas,132.15,0.0034918131138479374,0.03922918100481762,0.2721518987341772,0.32061068702290074,0.3484848484848485,0.3165467625899281,0.3950953678474114,0.6837496780839557,0.6834769386720729,0.5055020632737276,0.043754227326535965,0.0369626815415306,0.672,0.11224256292906179,0.015625
36,MGFF11,Títulos e Val. Mob.,84.4,0.12886677856646916,0.034411562284927734,0.36075949367088606,0.41984732824427484,0.43939393939393934,0.4460431654676259,0.5576748410535877,0.6458923512747876,0.6495184997465788,0.340302613480055,0.20059134367240278,0.026371964778084143,0.568,0.06864988558352403,0.0
37,CEOC11,Lajes Corporativas,70.0,0.024233722286261267,0.021335168616655197,0.27848101265822783,0.3969465648854962,0.43939393939393934,0.43165467625899284,0.5495004541326067,0.44939479783672426,0.45210339584389253,0.31389270976616235,0.044317203089158895,0.03018386043379373,0.352,0.0,0.015625
38,BTCR11,Títulos e Val. Mob.,84.2,0.01110908882552394,0.03303509979353063,0.36075949367088606,0.3511450381679389,0.3409090909090909,0.3525179856115108,0.44141689373297005,0.7308781869688386,0.7336543335022807,0.4372764786795048,0.11907246634542602,0.029770905071091855,0.48,0.06864988558352403,0.0
39,FEXC11,Títulos e Val. Mob.,91.82,0.00973393462624792,0.03234686854783207,0.310126582278481,0.35877862595419846,0.47727272727272724,0.4820143884892087,0.631244323342416,0.6221993304146279,0.6241763811454638,0.5063273727647868,0.08628314927860045,0.030536460781946866,0.528,0.06864988558352403,0.0
40,RBRL11,Logística,110.02,0.016872602748960207,0.04473503097040606,0.3734177215189873,0.4427480916030534,0.4621212121212121,0.0,0.42415985467756584,0.6796291527169714,0.6832235174860618,0.8330123796423659,0.0839918946945195,0.0317308547540692,0.64,0.0,0.078125
41,RBRP11,Outros,93.61,0.21767207965108834,0.03991741225051617,0.3924050632911392,0.47328244274809156,0.43939393939393934,0.36690647482014394,0.5068119891008175,0.6958537213494721,0.7002027369488089,0.7236588720770288,0.18818273478877584,0.026190899734437938,0.664,0.09153318077803203,0.1875
42,RECR11,Títulos e Val. Mob.,108.49,0.20744605553196221,0.09015829318651067,0.8164556962025317,0.8931297709923663,0.7045454545454546,0.6187050359712231,0.8274296094459582,0.8462528972443987,0.866953877344146,0.6629986244841816,0.21541495764268717,0.029723256375395486,0.68,0.06864988558352403,0.0
43,RECT11,Híbrido,94.32,0.1525612246961516,0.04955264969029594,0.47468354430379744,0.564885496183206,0.5909090909090909,0.5611510791366907,0.7275204359673024,0.7010043780582024,0.7085656360871769,0.6210453920220083,0.1725905119808418,0.029605722926011106,0.568,0.15789473684210525,0.125
44,BCFF11,Títulos e Val. Mob.,89.92,0.27453875036232617,0.034411562284927734,0.35443037974683544,0.3969465648854962,0.3712121212121212,0.3597122302158274,0.4568574023614896,0.6852948750965748,0.6882919412062848,0.5144429160935351,0.4434087497404317,0.02548887561784476,0.648,0.06864988558352403,0.0
45,BMLC11B,Lajes Corporativas,95.72,0.0009100285142267791,0.03991741225051617,0.38607594936708856,0.4580152671755725,0.4621212121212121,0.41007194244604317,0.5349682107175295,0.7293329899562194,0.7331474911302585,0.5456671251719395,0.02243705828304829,0.028925934867409565,0.6,0.019450800915331808,0.03125
46,LASC11,Shoppings,103.99,0.0020155446352133847,0.021335168616655197,0.20253164556962025,0.22900763358778625,0.1818181818181818,0.0,0.14713896457765668,0.6721607004893124,0.6695387734414597,0.5753782668500689,0.060661855529727436,0.02942148130265181,0.656,0.06864988558352403,0.046875
47,JRDM11,Shoppings,75.0,0.012288755418040136,0.006194081211286993,0.07594936708860758,0.03816793893129771,0.04545454545454545,0.1510791366906475,0.06902815622161672,0.7079577646149885,0.6996958945767866,0.24814305364511693,0.057688522159459465,0.027925312257785797,0.448,0.05377574370709382,0.015625
48,CVBI11,Títulos e Val. Mob.,99.28,0.1392141398208255,0.06882312456985547,0.6329113924050632,0.6335877862595419,0.553030303030303,0.5179856115107914,0.6693914623069936,0.8362091166623744,0.8492143943233653,0.6551581843191197,0.09064413824434467,0.031108245130303303,0.568,0.06864988558352403,0.0
49,CPFF11,Híbrido,79.78,0.03247790652996016,0.04129387474191328,0.46835443037974683,0.36641221374045796,0.29545454545454547,0.0,0.3914623069936421,0.7898532062838013,0.796502787633046,0.35955983493810184,0.08212873961060242,0.02489485521149668,0.568,0.06864988558352403,0.0
50,RVBI11,Títulos e Val. Mob.,91.6,0.03623261677014028,0.042670337233310394,0.43037974683544306,0.5038167938931297,0.45454545454545453,0.0,0.38964577656675753,0.6814318825650271,0.6875316776482514,0.546079779917469,0.03346215412457441,0.02911017649076886,0.56,0.06864988558352403,0.0
51,CPTS11,Títulos e Val. Mob.,96.8,0.42743702265633954,0.06194081211286993,0.5822784810126582,0.6183206106870229,0.5681818181818181,0.49640287769784175,0.6503178928247049,0.6711305691475664,0.6832235174860618,0.5742778541953232,0.20349815769750507,0.028760752722328815,0.616,0.06864988558352403,0.0
52,RCRB11,Lajes Corporativas,168.8,0.05201992625398559,0.05849965588437715,0.310126582278481,0.3740458015267175,0.4090909090909091,0.32374100719424465,0.43051771117166215,0.6886428019572496,0.6898124683223517,0.08459422283356266,0.18188303575106846,0.059834055475788114,0.488,0.09382151029748283,0.15625
53,TORD11,Outros,12.08,0.5728326154219499,0.011011699931176877,0.8987341772151898,0.8473282442748092,0.7424242424242424,0.0,0.6357856494096277,0.8259078032449138,0.8502280790674099,0.8667125171939478,0.008700327387145872,0.00243008348051486,0.696,0.06864988558352403,0.0
54,IRDM11,Títulos e Val. Mob.,124.9,0.3725926375322723,0.08396421197522368,0.5949367088607594,0.6946564885496184,0.6212121212121211,0.5755395683453238,0.7229791099000908,0.7913984032964203,0.803091738469336,0.8760660247592847,0.29294100450380445,0.030352219158587566,0.8,0.06864988558352403,0.0
55,IBFF11,Títulos e Val. Mob.,77.5,0.0204318253823805,0.03303509979353063,0.37974683544303794,0.4427480916030534,0.42424242424242425,0.4172661870503597,0.5168029064486831,0.8758691733195982,0.8781044095286366,0.35900962861072905,0.013189038362491898,0.026864334633613297,0.496,0.06864988558352403,0.0
56,RBRY11,Títulos e Val. Mob.,103.02,0.009477778451872974,0.04129387474191328,0.36708860759493667,0.4427480916030534,0.4621212121212121,0.45323741007194246,0.5767484105358764,0.7308781869688386,0.733907754688292,0.5815680880330124,0.05148709920600334,0.03243923203008856,0.568,0.06864988558352403,0.0
57,RBRR11,Títulos e Val. Mob.,95.26,0.11922047631566529,0.034411562284927734,0.3227848101265823,0.38167938931297707,0.3939393939393939,0.38848920863309355,0.49227974568574023,0.6306979139840331,0.6332995438418653,0.5654745529573589,0.19216218561484594,0.03007268014383553,0.568,0.06864988558352403,0.0
58,RBRF11,Títulos e Val. Mob.,99.44,0.19200253459793593,0.051617343427391604,0.4873417721518987,0.5496183206106869,0.46969696969696967,0.4460431654676259,0.555858310626703,0.7378315735256246,0.7455651292448049,0.3707015130674003,0.21938293182446197,0.028452624490158958,0.648,0.06864988558352403,0.0
59,MCCI11,Títulos e Val. Mob.,102.85,0.14101397399340734,0.04129387474191328,0.3734177215189873,0.4427480916030534,0.4469696969696969,0.40287769784172667,0.5622161671207994,0.6623744527427247,0.6664977192093259,0.6576341127922971,0.18445294662465425,0.030495165245676675,0.616,0.06864988558352403,0.0
60,VGIR11,Títulos e Val. Mob.,86.87,0.043317357277194685,0.028217481073640742,0.2974683544303797,0.3740458015267175,0.38636363636363635,0.3956834532374101,0.49682107175295187,0.6796291527169714,0.6806893056259503,0.41237964236588726,0.11157480178887029,0.029809024027648953,0.504,0.06864988558352403,0.0
61,MGHT11,Hotel,100.0,0.0007212818594241879,0.021335168616655197,0.20253164556962025,0.3893129770992366,0.4469696969696969,0.0,0.3206176203451408,0.6806592840587176,0.6779016725798277,0.6297111416781292,0.01956723760935532,0.030644464492191967,0.592,0.06864988558352403,0.0
62,BTLG11,Logística,108.39,0.35664354520145336,0.04129387474191328,0.33544303797468356,0.35877862595419846,0.356060606060606,0.3597122302158274,0.4595821980018165,0.9250579448879733,0.9247339077546883,0.7328748280605227,0.3384041851390182,0.031044713536041477,0.648,0.0,0.15625
63,TRNT11,Lajes Corporativas,173.03,6.740951957235401e-06,0.028217481073640742,0.13924050632911392,0.2137404580152672,0.20454545454545456,0.20143884892086333,0.2343324250681199,0.6881277362863765,0.6827166751140396,0.3174690508940853,0.22574844812852027,0.0696433336298141,0.408,0.5652173913043478,0.015625
64,HCRI11,Hospital,435.0,0.0011055161209866057,0.2126634549208534,0.45569620253164556,0.4809160305343511,0.47727272727272724,0.4460431654676259,0.5758401453224341,0.5830543394282771,0.5909782057780031,0.7037138927097661,0.013202933139329597,0.09179044738948679,0.976,0.0,0.015625
65,BLCP11,Outros,103.39,0.07404935725023087,0.04817618719889883,0.4240506329113924,0.0,0.0,0.0,0.06085376930063579,0.7246973989183622,0.7301064368981247,0.6181568088033013,0.02652562581521985,0.03098753510120583,0.608,0.06864988558352403,0.03125
66,MORE11,Títulos e Val. Mob.,110.5,0.0010246246974997808,0.06194081211286993,0.5126582278481012,0.6259541984732824,0.5227272727272727,0.0,0.3751135331516803,0.7293329899562194,0.7382159148504814,0.8030261348005502,0.013125700650843663,0.030676230289322884,0.672,0.06864988558352403,0.0
67,GCFF11,Títulos e Val. Mob.,103.3,0.0018537617882397352,0.08878183069511357,0.7974683544303797,0.0,0.0,0.0,0.11444141689373297,0.7246973989183622,0.7450582868727826,0.6262723521320495,0.0,0.029450070520069635,0.648,0.06864988558352403,0.0
68,MGCR11,Residencial,97.98,0.0024132608006902736,0.009635237439779768,0.08860759493670886,0.03816793893129771,0.015151515151515152,0.007194244604316547,0.012715712988192554,0.723667267576616,0.7156614292954891,0.6103163686382393,0.015693963176006062,0.029548544491175464,0.6,0.06864988558352403,0.0
69,OULG11,Outros,89.39,0.024179794670603383,0.04198210598761184,0.4240506329113924,0.5038167938931297,0.5,0.460431654676259,0.5694822888283378,0.7177440123615761,0.7230106436898125,0.471939477303989,0.06024934060742385,0.029669254520272935,0.528,0.0,0.03125
70,WTSP11B,Híbrido,50.99,9.437332740129561e-05,0.008947006194081212,0.17721518987341772,0.1984732824427481,0.21969696969696967,0.2733812949640288,0.34059945504087197,0.45506052021632765,0.4543841865179929,0.16891334250343884,0.02156088243298313,0.02802696280860472,0.232,0.06864988558352403,0.0
71,OUFF11,Títulos e Val. Mob.,82.18,0.010064241272152453,0.03303509979353063,0.36708860759493667,0.4122137404580153,0.4621212121212121,0.47482014388489213,0.6067211625794732,0.6716456348184394,0.6753674607197162,0.3924346629986245,0.03963534792570129,0.027061282575824956,0.528,0.06864988558352403,0.0
72,OUCY11,Títulos e Val. Mob.,85.86,0.0024267427046047443,0.04129387474191328,0.46202531645569617,0.5267175572519084,0.5,0.4676258992805756,0.5958219800181653,0.7213494720576874,0.7283324885960467,0.4027510316368638,0.019333157451725407,0.030355395738300657,0.48,0.06864988558352403,0.0
73,BREV11,Híbrido,106.01,2.0222855871706203e-05,0.025464556090846524,0.22151898734177214,0.0,0.0,0.0,0.08991825613079019,0.7246973989183622,0.7219969589457679,0.6226960110041265,0.021279884565261642,0.03317619852352575,0.576,0.05720823798627002,0.1875
74,ARCT11,Híbrido,1293.85,0.00040445711743412405,0.8554714384033035,0.7025316455696203,1.0,1.0,0.0,0.8147138964577657,0.6621169199072883,0.6789153573238722,1.0,0.0039741523826086235,0.3115271724628658,0.84,0.06864988558352403,0.03125
76,FATN11,Híbrido,103.3,5.392761565788321e-05,0.03922918100481762,0.34810126582278483,0.43511450381679384,0.3787878787878788,0.2733812949640288,0.41598546775658496,0.7965490600051507,0.798023314749113,0.7206327372764787,0.011558325510193805,0.03091447376780473,0.608,0.23684210526315788,0.109375
77,XPIN11,Outros,114.85,0.17700391649308717,0.042670337233310394,0.33544303797468356,0.40458015267175573,0.4015151515151515,0.38129496402877705,0.49863760217983655,0.7707957764614989,0.7721743537759757,0.5493810178817057,0.18829441264709254,0.03430706090138626,0.616,0.08466819221967964,0.078125
78,FCFL11,Outros,118.26,0.0101114279358531,0.037852718513420515,0.2911392405063291,0.36641221374045796,0.3787878787878788,0.3381294964028777,0.44686648501362397,0.7182590780324491,0.7184490623416118,0.49229711141678134,0.0937624389214146,0.032690181827422775,0.68,0.0,0.015625
79,XPML11,Shoppings,109.8,0.484694668581097,0.028905712319339298,0.24050632911392406,0.1984732824427481,0.1818181818181818,0.15827338129496404,0.16621253405994552,0.7651300540818955,0.7625443487075519,0.35598349381017885,0.5279886016339668,0.03457071701757284,0.568,0.04691075514874141,0.203125
80,ALZR11,Logística,125.7,0.08146440440318982,0.025464556090846524,0.18354430379746833,0.24427480916030533,0.30303030303030304,0.32374100719424465,0.41689373297002724,0.5987638423899048,0.5963000506842372,0.6554332874828062,0.11765216533413667,0.03164826368152883,0.768,0.0,0.109375
81,CNES11,Lajes Corporativas,65.41,0.0016582741814799085,0.01307639366827254,0.18987341772151897,0.27480916030534347,0.2803030303030303,0.23741007194244607,0.33242506811989103,0.6744784960082412,0.6713127217435378,0.3305364511691885,0.07086916177417495,0.0292054738821616,0.336,0.4153318077803203,0.015625
82,FLRP11,Shoppings,1310.04,0.00021571046263153283,0.23055746730901586,0.1582278481012658,0.15267175572519084,0.29545454545454547,0.302158273381295,0.16530426884650318,0.7053824362606232,0.7004561581348201,0.6133425034387896,0.02508198366145007,0.5054065386716814,0.44,0.02425629290617849,0.015625
83,EDGA11,Lajes Corporativas,29.42,0.03333400742852906,0.01032346868547832,0.3227848101265823,0.2900763358778626,0.30303030303030304,0.28057553956834536,0.36512261580381467,0.6312129796549061,0.6335529650278763,0.04360385144429163,0.0761485277169001,0.02407529764551912,0.08,0.477116704805492,0.015625
84,RZTR11,Residencial,99.52,0.0895535467518723,0.04473503097040606,0.4177215189873418,0.16793893129770993,0.08333333333333333,0.03597122302158274,0.059945504087193464,0.6989441153747104,0.7042574759249873,0.6041265474552957,0.12164371817790393,0.029863025882771503,0.608,0.06864988558352403,0.0
87,MFAI11,Híbrido,137.0,0.0013414494394898447,0.1383344803854095,1.0,0.8320610687022901,0.0,0.0,0.6566757493188011,0.8761267061550349,0.9044602128737962,0.8689133425034388,0.001311007866587443,0.02999326565100825,0.912,0.06864988558352403,0.0
88,VLOL11,Lajes Corporativas,100.67,0.0036738188166932934,0.028217481073640742,0.25316455696202533,0.3282442748091603,0.3333333333333333,0.302158273381295,0.42688465031789286,0.6245171259335566,0.6244298023314749,0.478404401650619,0.04018830039877962,0.02790307619979416,0.672,0.13729977116704806,0.015625
89,RFOF11,Títulos e Val. Mob.,83.9,0.07018005082677775,0.04335856847900895,0.46202531645569617,0.5114503816793893,0.4015151515151515,0.0,0.34423251589464127,0.7563739376770539,0.7630511910795742,0.7312242090784045,0.024439059977246155,0.02898311330224521,0.496,0.06864988558352403,0.0
90,RBCO11,Lajes Corporativas,89.7,0.03807963760642278,0.037852718513420515,0.3924050632911392,0.4809160305343511,0.4090909090909091,0.40287769784172667,0.6103542234332425,0.7692505794488798,0.772681196147998,0.14154057771664383,0.09834208473168421,0.031454492319030254,0.488,0.3203661327231121,0.046875
91,FIIP11B,Logística,201.0,0.0023795560409040966,0.04611149346180317,0.2088607594936709,0.27480916030534347,0.9090909090909091,0.697841726618705,1.0,0.7530260108163792,0.7496198682209833,0.7198074277854196,0.045981295393634526,0.06218790104318878,0.592,0.0,0.109375
92,EDFO11B,Lajes Corporativas,257.87,0.005776995827350738,0.11011699931176877,0.3924050632911392,0.4580152671755725,0.43181818181818177,0.41007194244604317,0.5785649409627611,0.6961112541849086,0.7004561581348201,0.6389270976616231,0.010482826257856948,0.06359194927637514,0.8,0.07963386727688787,0.015625
93,VIFI11,Títulos e Val. Mob.,97.3,0.04089735552454718,0.04129387474191328,0.3924050632911392,0.5038167938931297,0.0,0.0,0.36239782016348776,0.7865052794231264,0.7901672579827673,0.6184319119669877,0.07122118725223636,0.030825529535838173,0.56,0.06864988558352403,0.0
94,VSHO11,Shoppings,81.51,0.001078552313157664,0.008258774948382657,0.09493670886075949,0.1984732824427481,0.30303030303030304,0.36690647482014394,0.11989100817438693,0.7246973989183622,0.7169285352255448,0.22778541953232465,0.052001584195825484,0.03045386970940649,0.448,0.1751716247139588,0.046875
95,VTLT11,Logística,115.87,0.013583018193829333,0.04955264969029594,0.3924050632911392,0.46564885496183206,0.3939393939393939,0.4172661870503597,0.5812897366030881,0.7223796033994335,0.7265585402939686,0.6957359009628611,0.05398702583062411,0.031359194927637515,0.696,0.0,0.015625
96,VISC11,Shoppings,114.3,0.1635489763864453,0.030970406056434963,0.2468354430379747,0.23664122137404578,0.1818181818181818,0.22302158273381295,0.28882833787465945,0.835951583826938,0.8329954384186519,0.4203576341127923,0.42965943544735513,0.03596205893190684,0.568,0.09954233409610982,0.234375
97,BBRC11,Outros,140.97,0.025096564136787396,0.06469373709566414,0.4113924050632911,0.48854961832061067,0.5075757575757576,0.4820143884892087,0.6648501362397821,0.7048673705897502,0.7100861632032438,0.6722145804676755,0.043523861770367454,0.03399257950979022,0.808,0.06178489702517163,0.3125
98,BBPO11,Lajes Corporativas,135.18,0.11996198103096119,0.07432897453544392,0.5,0.5954198473282443,0.5757575757575757,0.5179856115107914,0.7238873751135332,0.6845222765902653,0.6933603649265079,0.47207702888583225,0.4169178911420568,0.031165423565138944,0.856,0.0,1.0
99,BNFS11,Outros,123.5,0.007940841405623303,0.06882312456985547,0.5126582278481012,0.5877862595419847,0.5681818181818181,0.5323741007194245,0.7465940054495913,0.7187741437033222,0.7275722250380132,0.6303988995873453,0.015514480183907354,0.02959301660715874,0.816,0.06864988558352403,0.28125
100,TRXF11,Outros,101.19,0.0955529939938118,0.04817618719889883,0.4367088607594936,0.46564885496183206,0.43939393939393934,0.0,0.6112624886466849,0.7630697913984033,0.7686264571718195,0.5196698762035763,0.11863277741957536,0.03117495330427822,0.584,0.0,0.5
101,BICR11,Títulos e Val. Mob.,100.1,0.00019548760675982662,0.019270474879559536,0.17721518987341772,0.17557251908396945,0.1590909090909091,0.0,0.3097184377838329,0.7689930466134433,0.7638114546376077,0.47056396148555707,0.010901421064900663,0.03054916710079923,0.592,0.06864988558352403,0.0
102,TEPP11,Lajes Corporativas,88.14,0.03344186265984482,0.034411562284927734,0.35443037974683544,0.41984732824427484,0.4166666666666667,0.38848920863309355,0.547683923705722,0.7406644347154263,0.7432843385707045,0.43590096286107294,0.08868948965189494,0.02965337162170748,0.52,0.2631578947368421,0.046875
104,HBRH11,Híbrido,99.8,0.003316548362959817,0.04611149346180317,0.4177215189873418,0.5190839694656488,0.5151515151515151,0.0,0.5903723887375114,0.8089106361061036,0.8134820070957932,0.7156808803301238,0.055614403912098806,0.030361748897726838,0.592,0.06864988558352403,0.046875
105,NSLU11,Hospital,281.0,0.003747969288222883,0.12456985547143841,0.4050632911392405,0.48854961832061067,0.6818181818181818,0.5755395683453238,0.7493188010899182,0.6492402781354624,0.6548403446528129,0.9188445667125174,0.05488029354622391,0.05966887333070736,0.96,0.0,0.015625
107,FIIB11,Híbrido,531.85,0.00537927966187385,0.1858224363386098,0.3227848101265823,0.38167938931297707,0.3409090909090909,0.32374100719424465,0.4087193460490463,0.7906258047901108,0.7911809427268119,0.5275103163686382,0.07430990576236766,0.1349283998932669,0.776,0.02951945080091533,0.015625
108,LVBI11,Logística,117.0,0.07196640309544514,0.02477632484514797,0.1962025316455696,0.282442748091603,0.3409090909090909,0.34532374100719426,0.43505903723887374,0.6695853721349473,0.6667511403953371,0.5936726272352132,0.33648385862402697,0.03412917243745314,0.632,0.08009153318077802,0.09375
109,VVPR11,Híbrido,100.0,0.002157104626315328,0.040605643496214726,0.36708860759493667,0.43511450381679384,0.42424242424242425,0.0,0.5376930063578566,0.7468452227659027,0.7498732894069944,0.6133425034387896,0.04898980317119501,0.031934155855707046,0.56,0.0,0.0625
110,PVBI11,Lajes Corporativas,97.0,0.22319966025602136,0.03234686854783207,0.30379746835443033,0.0,0.0,0.0,0.1298819255222525,0.7288179242853464,0.7295995945261023,0.5909215955983493,0.24257065756053428,0.029758198752239493,0.584,0.0,0.03125
111,CXTL11,Logística,330.04,0.0,0.0,0.0,0.09160305343511449,0.16666666666666666,0.1510791366906475,0.16257947320617622,0.5307751738346639,0.5223010643689813,0.11568088033012384,0.00871224455485295,0.24287810828324927,0.128,0.3169336384439359,0.0625
112,MFII11,Híbrido,134.42,0.06831954808658079,0.07570543702684103,0.5,0.6106870229007634,0.5984848484848485,0.5827338129496403,0.8128973660308809,0.8805047643574555,0.8877344145970604,0.7711141678129299,0.0784473718517166,0.03827778554275041,0.656,0.06864988558352403,0.140625
113,PATC11,Lajes Corporativas,85.78,0.05371190519525167,0.02064693737095664,0.22151898734177214,0.2595419847328244,0.24242424242424243,0.2302158273381295,0.32152588555858314,0.7200618078805048,0.717181956411556,0.3832187070151307,0.08806566472462031,0.030660347390757427,0.472,0.0,0.078125
114,BCIA11,Títulos e Val. Mob.,115.07,0.049984158762900494,0.04129387474191328,0.3291139240506329,0.38167938931297707,0.3787878787878788,0.4244604316546763,0.4904632152588556,0.7051249034251867,0.7067916877850988,0.0,0.11072216461999622,0.03603829684502103,0.576,0.06864988558352403,0.0
115,RBVO11,Outros,25.0,0.015504189501641423,0.01032346868547832,0.36075949367088606,0.43511450381679384,0.43181818181818177,0.3597122302158274,0.48501362397820164,1.0,1.0,0.4376891334250344,0.0022200045655547873,0.009059605341736445,0.424,0.06864988558352403,0.0
116,QMFF11,Títulos e Val. Mob.,97.99,0.0006066856761511861,0.051617343427391604,0.4873417721518987,0.0,0.0,0.0,0.20617620345140783,0.6603141900592326,0.6687785098834262,0.5914718019257221,0.0018786907017068533,0.030634934753052692,0.576,0.06864988558352403,0.0
117,HUSC11,Outros,149.9,0.00020222855871706203,0.05024088093599449,0.310126582278481,0.36641221374045796,0.3636363636363636,0.18705035971223025,0.26067211625794734,0.7246973989183622,0.725544855549924,0.8049518569463548,0.018570930740962263,0.030650817651618152,0.992,0.06864988558352403,0.0
118,SDIL11,Logística,99.59,0.07690077992814146,0.04129387474191328,0.37974683544303794,0.4427480916030534,0.3939393939393939,0.3525179856115108,0.49591280653950953,0.701776976564512,0.7055245818550431,0.4559834938101789,0.11693296840371575,0.029481836317200544,0.616,0.06979405034324943,0.046875
120,HLOG11,Logística,117.4,0.002103177010657445,0.04335856847900895,0.34177215189873417,0.4122137404580153,0.3939393939393939,0.0,0.48047229791099,0.730105588462529,0.7321338063862138,0.7823933975240716,0.047444633156117355,0.034754958640932136,0.624,0.0,0.03125
121,HGRE11,Lajes Corporativas,148.55,0.23369532245343688,0.04473503097040606,0.2721518987341772,0.3282442748091603,0.32575757575757575,0.30935251798561153,0.41598546775658496,0.700746845222766,0.7004561581348201,0.322971114167813,0.4664363548546496,0.051908489091625265,0.496,0.25938215102974826,0.328125
122,HGCR11,Títulos e Val. Mob.,98.7,0.183299965621145,0.035788024776324846,0.3291139240506329,0.38167938931297707,0.3636363636363636,0.36690647482014394,0.5168029064486831,0.7066701004378059,0.7083122149011657,0.47785419532324624,0.3381855896489243,0.032604414175169315,0.536,0.06864988558352403,0.0
124,HGPO11,Lajes Corporativas,217.02,0.012524688736543374,0.06469373709566414,0.2721518987341772,0.32061068702290074,0.32575757575757575,0.30935251798561153,0.43142597638510444,0.645119752768478,0.6452103395843892,0.6579092159559835,0.08558071482536432,0.06380478011715227,0.64,0.0,0.03125
125,HGRU11,Híbrido,125.35,1.0,0.046799724707501725,0.33544303797468356,0.40458015267175573,0.4015151515151515,0.3956834532374101,0.547683923705722,0.7635848570692764,0.7650785605676634,0.6513067400275103,0.35238336589511354,0.03355421150938362,0.704,0.0,0.234375
126,HGFF11,Títulos e Val. Mob.,91.89,0.10568464478553662,0.037852718513420515,0.3734177215189873,0.4427480916030534,0.43181818181818177,0.43165467625899284,0.5649409627611263,0.7388617048673707,0.7422706538266599,0.4423658872077029,0.07137917115970947,0.030323629941169748,0.528,0.06864988558352403,0.0
127,VRTA11,Títulos e Val. Mob.,109.42,0.18504587217806898,0.05437026841018583,0.45569620253164556,0.48854961832061067,0.48484848484848486,0.45323741007194246,0.6421435059037239,0.8684007210919392,0.8735428281804358,0.4656121045392022,0.26379900002959034,0.031489434695874265,0.64,0.06864988558352403,0.0
128,OUJP11,Títulos e Val. Mob.,102.79,0.027725535400109202,0.04611149346180317,0.4113924050632911,0.4274809160305344,0.4015151515151515,0.4244604316546763,0.584014532243415,0.7635848570692764,0.7678661936137862,0.5408528198074277,0.05911171671221851,0.031708618696077565,0.584,0.06864988558352403,0.0
129,PLCR11,Híbrido,83.49,0.07057102604029741,0.04611149346180317,0.5,0.48854961832061067,0.3939393939393939,0.2949640287769784,0.43324250681198906,0.8024723152201906,0.8104409528636594,0.4932599724896836,0.0510530450202964,0.029751845592813304,0.472,0.06864988558352403,0.0
130,PATL11,Híbrido,92.26,0.08716050880705373,0.0364762560220234,0.36075949367088606,0.4122137404580153,0.0,0.0,0.1553133514986376,0.6708730363121298,0.6741003547896605,0.5348005502063274,0.1238401968499764,0.029818553766788224,0.544,0.08009153318077802,0.03125
131,XPLG11,Logística,126.43,0.4333758013306639,0.03991741225051617,0.2848101265822785,0.33587786259541985,0.3409090909090909,0.3309352517985612,0.4677565849227975,0.700746845222766,0.7009630005068423,0.5991746905089409,0.5902975570284383,0.033871869480692755,0.704,0.11441647597254004,0.203125
132,BCRI11,Títulos e Val. Mob.,108.15,0.19053974802321583,0.08189951823812801,0.6962025316455697,0.6946564885496184,0.6136363636363636,0.5539568345323741,0.7938237965485923,0.7331959824877672,0.7496198682209833,0.5504814305364512,0.0964881546732539,0.03243923203008856,0.608,0.06864988558352403,0.0
133,KNHY11,Títulos e Val. Mob.,111.12,0.059616979109789886,0.07157604955264969,0.5822784810126582,0.5725190839694656,0.4469696969696969,0.4388489208633094,0.59763851044505,0.7996394540303889,0.8109477952356817,0.6364511691884457,0.2892002717828578,0.032289932783573276,0.632,0.06864988558352403,0.0
135,VCJR11,Títulos e Val. Mob.,102.5,0.02444269179693556,0.06331727460426705,0.569620253164557,0.6030534351145038,0.49242424242424243,0.3381294964028777,0.5104450499545867,0.6631470512490343,0.6748606183476938,0.6079779917469051,0.14755579980278768,0.03046022286883267,0.616,0.06864988558352403,0.0
136,VOTS11,Títulos e Val. Mob.,81.89,8.76323754440602e-05,0.021335168616655197,0.2468354430379747,0.29770992366412213,0.29545454545454547,0.3165467625899281,0.40962761126248864,0.7195467422096318,0.7179422199695895,0.43246217331499315,0.019099636447015695,0.030158447796088995,0.456,0.06864988558352403,0.0
137,RNDP11,Títulos e Val. Mob.,789.0,6.740951957235401e-06,0.2147281486579491,0.2468354430379747,0.29770992366412213,0.2803030303030303,0.2877697841726619,0.3805631244323343,0.7496780839557043,0.7478459199189053,0.3675378266850069,0.02378589154090893,0.29167037267633195,0.472,0.06864988558352403,0.0
138,JSRE11,Híbrido,95.29,0.21995726236459112,0.0364762560220234,0.34810126582278483,0.4122137404580153,0.3939393939393939,0.3309352517985612,0.4659400544959128,0.6907030646407417,0.6933603649265079,0.41870701513067404,0.6048637613870316,0.03471048652494886,0.464,0.02997711670480549,0.0625
140,BBFI11B,Lajes Corporativas,2189.0,0.004617552090706249,1.0,0.3924050632911392,0.6259541984732824,0.7045454545454546,0.6762589928057554,0.9518619436875568,0.5583311872263714,0.5641155600608211,0.44071526822558466,0.1047015327925323,1.0,0.336,0.8260869565217391,0.03125
141,VILG11,Logística,124.3,0.25310926409027484,0.04129387474191328,0.30379746835443033,0.3053435114503817,0.3333333333333333,0.3309352517985612,0.4641235240690282,0.679886685552408,0.6809427268119614,0.5387895460797799,0.31401114171481165,0.03488837498888197,0.664,0.0,0.171875
142,JPPA11,Títulos e Val. Mob.,99.5,0.0001280780871874726,0.04473503097040606,0.4113924050632911,0.4809160305343511,0.0,0.0,0.27974568574023617,0.673963430337368,0.6794221996958946,0.6239339752407154,0.013866377910236672,0.031117774869442578,0.576,0.06864988558352403,0.0
143,CTXT11,Lajes Corporativas,48.98,0.00949800130774468,0.024088093599449415,0.4493670886075949,0.5801526717557252,0.5757575757575757,0.5323741007194245,0.7475022706630337,0.7664177182590781,0.7724277749619868,0.47785419532324624,0.033892218185664964,0.015949606739431518,0.52,0.09839816933638443,0.015625
144,RNGO11,Lajes Corporativas,71.3,0.02388993373644226,0.028905712319339298,0.3734177215189873,0.45038167938931295,0.45454545454545453,0.40287769784172667,0.5676657584014533,0.750450682462014,0.7536746071971617,0.22585969738651995,0.06954792081000889,0.03168002947865974,0.336,0.2322654462242563,0.046875
145,RBIV11,Títulos e Val. Mob.,84.34,0.004273763540887244,0.03509979353062629,0.38607594936708856,0.47328244274809156,0.4469696969696969,0.0,0.4940962761126249,0.729590522791656,0.7334009123162697,0.45680880330123796,0.02420641005020914,0.030275981245473375,0.472,0.06864988558352403,0.0
146,PLRI11,Títulos e Val. Mob.,41.34,0.0027368264946375726,0.014452856159669649,0.3164556962025316,0.43511450381679384,0.4015151515151515,0.34532374100719426,0.4895549500454132,0.7553438063353078,0.7559553978712621,0.3349381017881706,0.0125938353621904,0.01772849137876266,0.344,0.06864988558352403,0.0
149,AIEC11,Lajes Corporativas,94.61,0.00882390611202114,0.03922918100481762,0.37974683544303794,0.0,0.0,0.0,0.10445049954586738,0.6551635333505023,0.6594019260010137,0.5635488308115544,0.11934457949075901,0.029745492433387123,0.568,0.06864988558352403,0.03125
150,SPTW11,Lajes Corporativas,85.45,0.040398525079711756,0.04817618719889883,0.5063291139240507,0.6259541984732824,0.6818181818181818,0.5971223021582734,0.8555858310626703,0.6914756631470513,0.7002027369488089,0.742503438789546,0.0336188485834738,0.02323668060126301,0.68,0.0,0.015625
151,GTWR11,Lajes Corporativas,115.5,0.14176221966066047,0.047487955953200274,0.36708860759493667,0.45038167938931295,0.4469696969696969,0.43165467625899284,0.5958219800181653,0.7522534123100696,0.7551951343132286,0.7214580467675379,0.3039807788636194,0.03017115411494136,0.728,0.0,0.015625
152,FPAB11,Lajes Corporativas,310.0,9.437332740129561e-05,0.10667584308327599,0.30379746835443033,0.5114503816793893,0.4469696969696969,0.38848920863309355,0.5376930063578566,0.7262425959309812,0.7268119614799797,0.3922971114167813,0.07889237118557271,0.13060507490374962,0.384,0.32814645308924484,0.015625
153,VINO11,Lajes Corporativas,59.8,0.24746034635011158,0.024088093599449415,0.36708860759493667,0.45038167938931295,0.4621212121212121,0.0,0.6221616712079927,0.7592067988668556,0.7620375063355297,0.5638239339752407,0.19308408613569789,0.01784602482814704,0.592,0.05606407322654462,0.140625
155,PORD11,Títulos e Val. Mob.,102.0,0.016117616129749844,0.055746730901582935,0.5,0.6106870229007634,0.6136363636363636,0.6618705035971224,0.7520435967302452,0.8035024465619367,0.8112012164216927,0.6712517193947731,0.04990263698251049,0.031159070405712763,0.592,0.06864988558352403,0.0
156,IFIE11,Títulos e Val. Mob.,97.99,0.020175669208005554,0.02615278733654508,0.2468354430379747,0.0,0.0,0.0,0.07084468664850137,0.700746845222766,0.6991890522047643,0.5917469050894085,0.019892048410151072,0.028725810345484812,0.624,0.06864988558352403,0.0
157,LGCP11,Logística,102.0,0.03029383809581589,0.03716448726772196,0.33544303797468356,0.40458015267175573,0.3787878787878788,0.0,0.449591280653951,0.6755086273499872,0.6779016725798277,0.6221458046767538,0.04383281092280652,0.029475483157774363,0.64,0.011441647597254004,0.046875
158,LUGG11,Residencial,102.94,0.011169757393139058,0.03303509979353063,0.2911392405063291,0.33587786259541985,0.3333333333333333,0.0,0.4141689373297002,0.6976564511975277,0.6981753674607197,0.6235213204951857,0.02346701293710669,0.03358597730651453,0.544,0.13729977116704806,0.0625
159,FIGS11,Shoppings,62.83,0.02430113180583362,0.017205781142463867,0.25316455696202533,0.2213740458015267,0.15151515151515152,0.26618705035971224,0.21071752951861944,0.701261910893639,0.6999493157627977,0.29931224209078405,0.07084973287085478,0.030247392028055552,0.296,0.13157894736842105,0.03125
161,HMOC11,Shoppings,226.7,0.0,0.055058499655884385,0.22151898734177214,0.2137404580152672,0.12878787878787878,0.17266187050359713,0.21798365122615804,0.7246973989183622,0.7219969589457679,0.5056396148555709,0.021121235491141845,0.07289297467630652,0.568,0.038901601830663615,0.015625
163,SARE11,Híbrido,96.14,0.024395505133234914,0.013764624913971096,0.13291139240506328,0.16030534351145037,0.1818181818181818,0.0,0.2579473206176203,0.6973989183620912,0.6915864166244298,0.4584594222833563,0.09170290207452694,0.0308159997966989,0.552,0.0,0.03125
164,XPSF11,Outros,95.85,0.09152190472338503,0.055058499655884385,0.5253164556962024,0.5877862595419847,0.5757575757575757,0.0,0.6875567665758402,0.8060777749163018,0.81500253421186,0.681292984869326,0.08489474752331379,0.030707996086453793,0.552,0.06864988558352403,0.0
165,HFOF11,Títulos e Val. Mob.,102.97,0.15554746641320688,0.037852718513420515,0.33544303797468356,0.3893129770992366,0.42424242424242425,0.47482014388489213,0.6158038147138964,0.7517383466391966,0.7534211860111505,0.4711141678129298,0.48279763850627294,0.030364925477439932,0.624,0.06864988558352403,0.0
166,HSML11,Shoppings,93.0,0.20892232401059677,0.03234686854783207,0.3227848101265823,0.36641221374045796,0.2727272727272727,0.26618705035971224,0.3542234332425068,0.8480556270924543,0.8479472883933097,0.32008253094910594,0.4038287714552959,0.03043481023112794,0.536,0.05606407322654462,0.078125
167,HGBS11,Shoppings,208.63,0.07487849434097084,0.04129387474191328,0.18354430379746833,0.16030534351145037,0.12878787878787878,0.19424460431654678,0.2506811989100817,0.7409219675508627,0.7361885453623923,0.2562585969738652,0.5865080349551068,0.07084090418164954,0.52,0.08649885583524027,0.25
168,HGLG11,Logística,167.71,0.4109014675052411,0.05368203716448727,0.2974683544303797,0.3282442748091603,0.32575757575757575,0.30935251798561153,0.43505903723887374,0.7828998197270152,0.7823112012164217,0.4969738651994498,0.6725239704453936,0.04369067737385802,0.736,0.10183066361556063,0.21875
169,CBOP11,Lajes Corporativas,76.4,0.004219835925229361,0.033723331039229185,0.4050632911392405,0.4809160305343511,0.4621212121212121,0.4172661870503597,0.5776566757493189,0.6819469482359001,0.6867714140902179,0.40839064649243473,0.02968488687281214,0.026384671096936506,0.496,0.11864988558352402,0.015625
170,SADI11,Títulos e Val. Mob.,80.51,0.012935886805934734,0.01032346868547832,0.11392405063291139,0.1450381679389313,0.1893939393939394,0.22302158273381295,0.2997275204359673,0.6247746587689931,0.619361378611252,0.41306740027510314,0.08119901812551009,0.03097800536206656,0.424,0.06864988558352403,0.0
171,SHPH11,Shoppings,830.01,0.00046512568504924264,0.22711631108052305,0.25316455696202533,0.20610687022900764,0.1893939393939394,0.1654676258992806,0.22070844686648503,0.6391964975534381,0.6388748099341105,0.4034387895460798,0.12284555667407783,0.2490883216223428,0.624,0.09610983981693363,0.015625
172,HABT11,Títulos e Val. Mob.,119.71,0.13920065791691102,0.12732278045423262,0.9620253164556962,0.9007633587786259,0.75,0.6546762589928058,0.9200726612170754,0.8985320628380119,0.9252407501267105,0.8337001375515818,0.14263848840545182,0.03166732315980737,0.72,0.06864988558352403,0.0
173,RBED11,Outros,155.9,0.008668864217004725,0.06951135581555402,0.4050632911392405,0.4809160305343511,0.4621212121212121,0.4244604316546763,0.6148955495004541,0.6762812258562968,0.6814495691839838,0.5176066024759285,0.06766968596185559,0.046613130709902036,0.616,0.0,0.078125
175,MALL11,Shoppings,96.79,0.1696023512440427,0.03991741225051617,0.37974683544303794,0.3893129770992366,0.2727272727272727,0.2589928057553957,0.36966394187102636,0.9366469224826167,0.9381652306132793,0.39793672627235216,0.20709403921695987,0.032801362117380974,0.512,0.034324942791762014,0.109375
176,XPCI11,Outros,90.25,0.1419981529791637,0.04335856847900895,0.4367088607594936,0.5190839694656488,0.5075757575757576,0.0,0.6657584014532244,0.7674478496008241,0.7731880385200203,0.522971114167813,0.1638058568076236,0.029866202462484597,0.528,0.06864988558352403,0.0
177,ARRI11,Títulos e Val. Mob.,93.46,0.0011392208807727826,0.055058499655884385,0.5379746835443038,0.5954198473282443,0.5303030303030303,0.0,0.6012715712988193,0.8694308524336852,0.8783578307146477,0.5552957359009629,0.00747427359697564,0.02853203898298624,0.592,0.06864988558352403,0.0
178,BPFF11,Títulos e Val. Mob.,78.3,0.10951350549724632,0.034411562284927734,0.39873417721518983,0.46564885496183206,0.45454545454545453,0.4676258992805756,0.6021798365122616,0.6348184393510172,0.6398884946781551,0.19105914718019262,0.0974122217534208,0.026038423908209554,0.52,0.06864988558352403,0.0
179,KFOF11,Títulos e Val. Mob.,104.87,0.025447093638563636,0.034411562284927734,0.2974683544303797,0.3282442748091603,0.3712121212121212,0.3309352517985612,0.4686648501362398,0.5817666752510945,0.5838824125696908,0.422283356258597,0.121896108586555,0.03289983608848681,0.568,0.06864988558352403,0.0
180,TGAR11,Outros,134.55,0.16903611127963492,0.07708189951823814,0.5316455696202531,0.6183206106870229,0.6363636363636364,0.5683453237410072,0.7756584922797456,0.7380891063610611,0.747592498732894,0.6704264099037139,0.19018972588536442,0.03862085615176427,0.648,0.06864988558352403,0.0
181,KNCR11,Títulos e Val. Mob.,88.14,0.25132291182160743,0.02064693737095664,0.21518987341772153,0.22900763358778625,0.23484848484848483,0.26618705035971224,0.35603996366939145,0.6337883080092712,0.6317790167257983,0.4460797799174691,1.0,0.030326806520882835,0.504,0.06864988558352403,0.0
182,KNRI11,Híbrido,158.6,0.15020863246307645,0.04473503097040606,0.25949367088607594,0.3053435114503817,0.30303030303030304,0.2877697841726619,0.4041780199818347,0.7331959824877672,0.7318803852002027,0.49422283356258606,0.9591284756912133,0.04873826253796013,0.592,0.07620137299771167,0.296875
183,HOSI11,Híbrido,89.8,0.0005190533007071259,0.03509979353062629,0.36075949367088606,0.4809160305343511,0.24242424242424243,0.0,0.17166212534059944,0.8197270151944374,0.82159148504815,0.49078404401650627,0.01188924508985589,0.028617806635239707,0.56,0.06864988558352403,0.0
184,RDPD11,Títulos e Val. Mob.,81.0,0.019252158789864304,0.021335168616655197,0.24050632911392406,0.282442748091603,0.32575757575757575,0.3165467625899281,0.44323342415985467,0.6641771825907803,0.6629498226051698,0.5551581843191197,0.025437003828657566,0.030113975680105716,0.448,0.06864988558352403,0.0
185,RBFF11,Títulos e Val. Mob.,74.39,0.0552016555778007,0.037852718513420515,0.46202531645569617,0.5725190839694656,0.553030303030303,0.5827338129496403,0.6584922797456858,0.8465104300798353,0.8522554485554993,0.4181568088033013,0.05274710640521282,0.023465394340605586,0.56,0.06864988558352403,0.0
186,NEWL11,Híbrido,104.94,0.04198938974161931,0.06194081211286993,0.5379746835443038,0.6106870229007634,0.5151515151515151,0.0,0.5349682107175295,0.7174864795261396,0.7275722250380132,0.4818431911966988,0.02341095528186159,0.03528862403273148,0.52,0.0,0.015625
188,EURO11,Logística,209.05,0.0013414494394898447,0.051617343427391604,0.22151898734177214,0.2671755725190839,0.2727272727272727,0.2589928057553957,0.3669391462306994,0.7489054854493948,0.745818550430816,0.70646492434663,0.028717481901200038,0.09665061435051651,0.328,0.0,0.09375
189,BARI11,Títulos e Val. Mob.,111.4,0.04164560119180031,0.08809359944941501,0.7088607594936709,0.7862595419847328,0.6590909090909091,0.5395683453237411,0.7892824704813806,0.8591295390162246,0.8753167764825139,0.7942228335625859,0.05638800835192463,0.030946239564935644,0.672,0.06864988558352403,0.0
190,BRCO11,Logística,120.0,0.07396172487478682,0.037852718513420515,0.2911392405063291,0.3435114503816794,0.3333333333333333,0.0,0.452316076294278,0.6572237960339944,0.6581348200709579,0.5702888583218707,0.31201900055537013,0.029548544491175464,0.784,0.0,0.15625
191,AFCR11,Híbrido,106.0,0.011938225916263895,0.06056434962147282,0.5189873417721519,0.6259541984732824,0.0,0.0,0.3433242506811989,0.7344836466649498,0.7435377597567157,0.7603851444291609,0.015578736060338398,0.031136834347721125,0.624,0.06864988558352403,0.0
192,ABCP11,Shoppings,75.01,0.07566044476801013,0.024088093599449415,0.2848101265822785,0.27480916030534347,0.20454545454545456,0.2589928057553957,0.26248864668483196,0.8143188256502705,0.8132285859097821,0.3792297111416782,0.27768464869391385,0.027023163619267866,0.464,0.03203661327231121,0.015625
193,XPPR11,Outros,84.57,0.1974087780676387,0.04129387474191328,0.4240506329113924,0.6259541984732824,0.6287878787878787,0.0,0.748410535876476,0.9193922225083699,0.9232133806386214,0.4628610729023384,0.10711831087456042,0.02987890878133696,0.48,0.18306636155606407,0.0625
194,HPDP11,Shoppings,88.55,6.740951957235401e-06,0.024088093599449415,0.2468354430379747,0.2595419847328244,0.13636363636363635,0.0,0.1689373297002725,0.78624774658769,0.7838317283324886,0.7321870701513068,0.07059247602135639,0.029510425534618367,0.52,0.060640732265446216,0.015625
196,RBBV11,Títulos e Val. Mob.,94.01,0.005460171085360675,0.06469373709566414,0.6329113924050632,0.5496183206106869,0.31060606060606055,0.3309352517985612,0.4250681198910082,0.8282255987638424,0.8413583375570198,0.640302613480055,0.030879194502606382,0.031047890115754567,0.528,0.06864988558352403,0.015625
197,GGRC11,Logística,134.49,0.13071379940275166,0.05092911218169305,0.34810126582278483,0.3969465648854962,0.3712121212121212,0.38129496402877705,0.5404178019981835,0.5176409992274016,0.5220476431829701,0.6506189821182944,0.20874941234373873,0.038595443514059545,0.648,0.0,0.234375
198,CRFF11,Títulos e Val. Mob.,85.0,0.0028514226779105746,0.028905712319339298,0.310126582278481,0.3893129770992366,0.3939393939393939,0.3741007194244605,0.5068119891008175,0.8351789853206284,0.8350228079067411,0.3224209078404402,0.014676335878401907,0.02855109846126479,0.52,0.06864988558352403,0.0
199,CXRI11,Híbrido,146.9,0.007442010960787882,0.04817618719889883,0.30379746835443033,0.3435114503816794,0.4469696969696969,0.5611510791366907,0.6212534059945504,0.749420551120268,0.7496198682209833,0.4779917469050894,0.03776912389587997,0.02985349614363223,1.0,0.06864988558352403,0.0