,Códigodo fundo,Setor,Preço Atual,Liquidez Diária,Dividendo,DividendYield,DY (3M)Média,DY (6M)Média,DY (12M)Média,DY Ano,Variação Preço,Rentab.Período,Rentab.Acumulada,PatrimônioLíq.,VPA,P/VPA,VacânciaFísica,QuantidadeAtivos
0,ABCP11,Shoppings,79.11,0.009402681066742457,0.019553072625698324,0.29787234042553196,0.11585365853658537,0.2830188679245283,0.28057553956834536,0.1975982532751092,0.8039850560398506,0.8086100861008609,0.39591489361702126,0.28030680363283,0.026234587578257487,0.546875,0.030204962243797193,0.015625
1,AFCR11,Híbrido,107.9,0.00011842167590355739,0.03192338387869115,0.4042553191489362,0.0,0.0,0.0,0.14410480349344978,0.5815691158156912,0.592619926199262,0.7800851063829787,0.017348848591038173,0.031456003672204726,0.6484375,0.05231930960086299,0.0
2,ALMI11,Lajes Corporativas,1182.15,0.00020131684903604757,0.0,0.0,0.0,0.0,0.0,0.0,0.7073474470734744,0.6986469864698647,0.18978723404255315,0.058676635531818906,0.6318582885995894,0.2890625,0.7679611650485436,0.015625
3,ALZR11,Logística,128.79,0.1539718630098053,0.02274541101356744,0.21808510638297873,0.2804878048780488,0.45283018867924524,0.34532374100719426,0.43995633187772926,0.8488169364881694,0.8494464944649447,0.8611063829787233,0.12323697172237572,0.031758833054942814,0.8046875,0.0,0.109375
4,ARCT11,Outros,1194.0,0.0006986878878309886,0.7980845969672786,1.0,1.0,0.0,0.0,0.7543668122270742,0.8052303860523038,0.8445264452644526,0.9964255319148936,0.005157705426252455,0.3116082471597792,0.7734375,0.05231930960086299,0.03125
5,ARRI11,Títulos e Val. Mob.,86.96,0.0050566055610819,0.023543495610534718,0.398936170212766,0.3780487804878049,0.5660377358490566,0.0,0.46724890829694327,0.7349937733499378,0.7451414514145142,0.2958297872340425,0.008835308133225526,0.028698662450431612,0.5546875,0.05231930960086299,0.0
6,ATSA11,Shoppings,110.99,2.3684335180711476e-05,0.009976057462090982,0.09574468085106383,0.12195121951219513,0.20754716981132074,0.1798561151079137,0.04039301310043668,0.6692403486924035,0.6654366543665438,0.6900425531914893,0.05022306050818509,0.03428028612595153,0.6015625,0.2017259978425027,0.015625
7,BARI11,Títulos e Val. Mob.,105.6,0.122270380370423,0.03391859537110934,0.42021276595744683,0.43902439024390244,0.6792452830188679,0.5179856115107914,0.611353711790393,0.8647571606475716,0.8750307503075031,0.7451914893617021,0.05897686722010431,0.03071965012049422,0.6484375,0.05231930960086299,0.0
8,BBFI11B,Lajes Corporativas,2475.3,0.002309222680119369,1.0,0.5691489361702128,0.6341463414634146,0.9528301886792453,0.697841726618705,0.8755458515283843,0.7023661270236613,0.7205412054120541,0.4352340425531915,0.10940238302567334,1.0,0.4375,0.778856526429342,0.03125
9,BBPO11,Lajes Corporativas,138.61,0.16966273506702667,0.04309656823623305,0.41489361702127664,0.4451219512195122,0.6792452830188679,0.49640287769784175,0.6124454148471616,0.6605230386052304,0.6715867158671587,0.4965106382978723,0.4347808216562348,0.031328496563683424,0.890625,0.0,1.0
10,BBRC11,Outros,150.58,0.011155321870115106,0.03750997605746209,0.3297872340425532,0.4268292682926829,0.6509433962264151,0.48920863309352525,0.5895196506550219,0.7549190535491905,0.7616236162361624,0.7942127659574467,0.046217874418623205,0.03408583778545654,0.890625,0.05825242718446602,0.3125
12,BCFF11,Títulos e Val. Mob.,90.68,0.5660319264838236,0.017956903431763767,0.26063829787234044,0.29878048780487804,0.45283018867924524,0.36690647482014394,0.4344978165938865,0.8410958904109588,0.8440344403444036,0.561531914893617,0.46700753342511625,0.025890318385249977,0.6640625,0.05231930960086299,0.0
13,BCIA11,Títulos e Val. Mob.,124.89,0.10989531523850125,0.029928172386272947,0.29255319148936176,0.3048780487804878,0.45283018867924524,0.49640287769784175,0.42467248908296945,0.6391033623910336,0.6445264452644527,0.06740425531914895,0.052162859031978114,0.03616739133206676,0.65625,0.05231930960086299,0.0
14,BCRI11,Títulos e Val. Mob.,107.97,0.07910567950357633,0.02913008778930567,0.3563829787234043,0.43902439024390244,0.6509433962264151,0.48920863309352525,0.6561135371179039,0.6530510585305106,0.6615006150061501,0.5751489361702128,0.10050105814874123,0.032303925943871374,0.6328125,0.05231930960086299,0.0
15,BICR11,Títulos e Val. Mob.,99.95,0.0005684240443370755,0.011173184357541902,0.15425531914893617,0.12195121951219513,0.2641509433962264,0.0,0.29694323144104806,0.5686176836861768,0.5685116851168511,0.42144680851063826,0.012407207927715536,0.030738776186772416,0.609375,0.05231930960086299,0.0
16,BMLC11B,Lajes Corporativas,95.91,0.016306664771919853,0.022346368715083803,0.3191489361702128,0.3902439024390244,0.5754716981132075,0.3956834532374101,0.5120087336244542,0.6042341220423412,0.6113161131611315,0.5407659574468084,0.024359867556634242,0.02903655628801306,0.6171875,0.018338727076591153,0.03125
17,BNFS11,Outros,125.19,0.005542134432286486,0.03750997605746209,0.39361702127659576,0.45121951219512196,0.7264150943396226,0.525179856115108,0.6462882096069869,0.6371108343711083,0.6474784747847478,0.6997446808510638,0.017128538040364023,0.0296390273757762,0.84375,0.05231930960086299,0.28125
18,BPFF11,Títulos e Val. Mob.,81.84,0.2150300791056795,0.019952114924181964,0.3191489361702128,0.3597560975609756,0.5566037735849056,0.47482014388489213,0.5240174672489083,0.6961394769613948,0.7023370233702336,0.19387234042553186,0.06493653645809709,0.028195009371772477,0.5234375,0.05231930960086299,0.0
19,BPML11,Shoppings,97.26,0.06722798541044953,0.011173184357541902,0.1648936170212766,0.0,0.0,0.0,0.03384279475982533,0.6508094645080946,0.650430504305043,0.676595744680851,0.15667810050603576,0.04223672969768065,0.3828125,0.060409924487594385,0.109375
20,BRCO11,Logística,129.3,0.06927668040358106,0.021947326416600164,0.23404255319148937,0.2682926829268293,0.4339622641509434,0.0,0.39737991266375544,0.6473225404732253,0.6501845018450184,0.6663829787234042,0.3252408787209342,0.029664528797480463,0.875,0.0,0.15625
21,BRCR11,Híbrido,90.32,0.5681043058121359,0.01835594573024741,0.2712765957446809,0.3048780487804878,0.4622641509433962,0.36690647482014394,0.3799126637554585,0.6674968866749689,0.6718327183271833,0.45702127659574465,0.7640216386351605,0.03291277238706058,0.484375,0.133764832793959,0.1875
22,BTCR11,Títulos e Val. Mob.,85.54,0.04546208137937568,0.013168395849960097,0.2021276595744681,0.2621951219512195,0.4150943396226415,0.36690647482014394,0.42248908296943233,0.635118306351183,0.6366543665436655,0.48289361702127653,0.12471426388120362,0.029874915526540605,0.515625,0.05231930960086299,0.0
23,BTLG11,Logística,104.5,0.3852493960494529,0.013168395849960097,0.1648936170212766,0.25,0.4433962264150943,0.3381294964028777,0.4312227074235808,0.5574097135740971,0.5579335793357934,0.6868085106382977,0.19009834849120913,0.0313157458528313,0.625,0.0,0.125
24,BZLI11,Títulos e Val. Mob.,14.53,0.39938894415233767,0.0,0.0,0.0,0.0,0.0,0.0,0.6677459526774595,0.6595325953259532,0.6907234042553191,0.11481823556833266,0.002852971553164089,0.78125,0.05231930960086299,0.0
26,CBOP11,Lajes Corporativas,78.98,0.010361896641561272,0.019553072625698324,0.3351063829787234,0.3597560975609756,0.5377358490566037,0.41007194244604317,0.48908296943231444,0.8378580323785804,0.8445264452644526,0.4073191489361702,0.03186486593044776,0.026464100373595832,0.5390625,0.11186623516720604,0.015625
27,CEOC11,Lajes Corporativas,82.49,0.03361991378901994,0.02314445331205108,0.3723404255319149,0.4085365853658537,0.6320754716981132,0.460431654676259,0.5676855895196506,0.6251556662515566,0.634440344403444,0.4799999999999999,0.04713010443524269,0.03032437808407819,0.4765625,0.0,0.015625
28,CNES11,Lajes Corporativas,65.5,0.00400265264554024,0.009177972865123705,0.18617021276595744,0.21951219512195122,0.3962264150943396,0.22302158273381295,0.31986899563318777,0.7090909090909091,0.7092250922509225,0.31999999999999995,0.07468854125378456,0.029323447282185985,0.359375,0.3915857605177993,0.015625
29,CPFF11,Híbrido,77.4,0.05955426081189901,0.015961691939345574,0.2553191489361702,0.2621951219512195,0.0,0.0,0.3133187772925764,0.77733499377335,0.7800738007380075,0.395063829787234,0.09011735265732393,0.026097517436597092,0.53125,0.05231930960086299,0.0
30,CPTS11,Títulos e Val. Mob.,96.5,0.43820756951352374,0.029928172386272947,0.41489361702127664,0.43902439024390244,0.660377358490566,0.47482014388489213,0.601528384279476,0.6562889165628891,0.6674046740467404,0.5792340425531916,0.21346241191955273,0.0290110548663088,0.625,0.05231930960086299,0.0
31,CRFF11,Títulos e Val. Mob.,81.5,0.0023210648477097248,0.01675977653631285,0.2765957446808511,0.3231707317073171,0.4433962264150943,0.38129496402877705,0.44323144104803486,0.5496886674968867,0.5552275522755228,0.2277446808510638,0.016321942714971793,0.028701850128144645,0.5078125,0.05231930960086299,0.0
32,CTXT11,Lajes Corporativas,48.94,0.0060868741414428496,0.015163607342378293,0.4095744680851064,0.4573170731707317,0.7264150943396226,0.5035971223021583,0.648471615720524,0.6971357409713574,0.7077490774907749,0.4851063829787234,0.036486978624593706,0.016110523161666265,0.5390625,0.09277238403451996,0.015625
33,CVBI11,Títulos e Val. Mob.,96.55,0.08707545829188575,0.026735833998403832,0.3829787234042553,0.42073170731707316,0.6320754716981132,0.0,0.6102620087336245,0.735491905354919,0.7448954489544896,0.5637446808510638,0.09443563684714608,0.03096510130439772,0.5703125,0.05231930960086299,0.0
36,CXTL11,Logística,325.36,0.025389607313722702,0.05546687948922586,0.22340425531914895,0.18902439024390244,0.22641509433962262,0.1798561151079137,0.15502183406113537,0.8201743462017435,0.820910209102091,0.05668085106382976,0.010096638406138914,0.24368839812819565,0.1484375,0.2988133764832794,0.0625
37,DMAC11,Residencial,375.99,0.004417128511202691,0.10534716679968077,0.3776595744680851,0.4573170731707317,0.7075471698113207,0.5323741007194245,0.5753275109170305,0.6376089663760897,0.6472324723247233,0.0,0.02432118855565016,0.19042230354342254,0.3125,0.05231930960086299,0.0
38,DOMC11,Lajes Corporativas,440.0,0.01762114537444934,0.0,0.0,0.0,0.0,0.0,0.0,0.7591531755915317,0.7498154981549815,0.5011063829787233,0.06502083231586374,0.3175373277060196,0.1640625,0.2528586839266451,0.015625
39,DRIT11B,Lajes Corporativas,137.0,0.013500071053005542,0.011971268954509178,0.11702127659574468,0.15853658536585366,0.25471698113207547,0.23741007194244607,0.27729257641921395,0.5566625155666252,0.5549815498154982,0.5293617021276595,0.01535395590180935,0.04074489652798143,0.640625,0.06796116504854369,0.09375
40,EDFO11B,Lajes Corporativas,270.0,0.0,0.05387071029529131,0.2712765957446809,0.3353658536585366,0.5471698113207547,0.40287769784172667,0.49890829694323147,0.6321295143212952,0.6369003690036901,0.704,0.011937807341826631,0.06381730781491068,0.859375,0.07508090614886731,0.015625
41,EDGA11,Lajes Corporativas,30.51,0.03037515986926247,0.004788507581803671,0.2021276595744681,0.2865853658536585,0.36792452830188677,0.2877697841726619,0.3558951965065502,0.6821917808219179,0.6833948339483394,0.008851063829787167,0.08026225554776639,0.024200849197342753,0.125,0.4498381877022654,0.015625
42,EURO11,Logística,220.0,0.013689545734451233,0.029928172386272947,0.18617021276595744,0.23170731707317074,0.3584905660377358,0.2589928057553957,0.32751091703056767,0.7591531755915317,0.7586715867158672,0.7731063829787235,0.030804794895651803,0.09677152001224068,0.3828125,0.0,0.09375
43,FAED11,Outros,209.1,0.012540855478186728,0.05147645650438947,0.30851063829787234,0.3597560975609756,0.5754716981132075,0.4244604316546763,0.5294759825327511,0.801494396014944,0.8068880688806888,0.41770212765957443,0.03459618935604264,0.06444209264666505,0.6171875,0.0,0.046875
45,FCFL11,Outros,115.69,0.03730282790962058,0.02274541101356744,0.26595744680851063,0.3231707317073171,0.4716981132075471,0.34532374100719426,0.43558951965065507,0.7828144458281445,0.7859778597785978,0.43506382978723396,0.0984597648252597,0.03281714205566961,0.671875,0.0,0.015625
46,FEXC11,Títulos e Val. Mob.,100.29,0.016496139453365543,0.019952114924181964,0.2553191489361702,0.4329268292682927,0.7452830188679245,0.48920863309352525,0.6550218340611353,0.6956413449564135,0.6988929889298894,0.6844255319148936,0.09055580280123855,0.030608081400538084,0.609375,0.05231930960086299,0.0
47,FIGS11,Shoppings,61.06,0.04103311070058263,0.003990422984836393,0.08510638297872342,0.06707317073170732,0.22641509433962262,0.22302158273381295,0.15829694323144103,0.840348692403487,0.8341943419434193,0.25923404255319143,0.07442557390268983,0.030266999885243603,0.3046875,0.11758360302049622,0.03125
48,FIIB11,Híbrido,507.03,0.008147411302164748,0.09457302474062251,0.2712765957446809,0.25,0.38679245283018865,0.32374100719424465,0.3286026200873362,0.5872976338729763,0.5923739237392374,0.3428085106382978,0.07794423492968529,0.13491845920410064,0.75,0.027831715210355986,0.015625
50,FIVN11,Shoppings,4.36,0.011131637534934395,0.0,0.0,0.0,0.0,0.0,0.0,0.6508094645080946,0.6428044280442804,0.6713191489361702,0.018328678659660296,0.0014950208474122431,0.265625,0.6040992448759439,0.015625
51,FLMA11,Híbrido,3.04,0.19434181232532802,0.0003990422984836393,0.09574468085106383,0.12195121951219513,0.2169811320754717,0.19424460431654678,0.2205240174672489,0.7681195516811955,0.7633456334563347,0.33310638297872336,0.0532827066608808,0.0,0.640625,0.06472491909385113,0.03125
52,FLRP11,Shoppings,1355.05,0.00010657950831320165,0.06943335993615324,0.06914893617021277,0.27439024390243905,0.4433962264150943,0.32374100719424465,0.14737991266375547,0.7232876712328767,0.7175891758917589,0.7446808510638298,0.02699319908715206,0.5052564805487906,0.484375,0.021143473570658034,0.015625
54,FPAB11,Lajes Corporativas,307.53,0.00029605418975889346,0.059856344772545894,0.2553191489361702,0.3170731707317073,0.4811320754716981,0.3597122302158274,0.425764192139738,0.5733499377334994,0.5778597785977859,0.3227234042553191,0.08291741175519271,0.13095617580680122,0.3984375,0.294066882416397,0.015625
55,FVPQ11,Shoppings,159.6,0.003564492444697077,0.0031923383878691143,0.026595744680851068,0.10365853658536586,0.1509433962264151,0.2877697841726619,0.18777292576419213,0.5544209215442092,0.5488314883148832,0.22536170212765955,0.16107859918714568,0.06728550116669005,0.40625,0.02588996763754045,0.015625
56,GGRC11,Logística,145.0,0.11393349438681256,0.02713487629688747,0.25,0.2865853658536585,0.49056603773584906,0.3741007194244605,0.4814410480349345,0.7977584059775841,0.8002460024600246,0.8217872340425532,0.21819286229184387,0.038794037767605545,0.7265625,0.0,0.234375
57,GRLV11,Logística,138.29,0.01772772488276254,0.028332003192338386,0.2872340425531915,0.34146341463414637,0.5283018867924528,0.38848920863309355,0.4748908296943231,0.6283935242839352,0.6337023370233702,0.7698723404255319,0.03726549483913645,0.04110510410955411,0.640625,0.039913700107874865,0.015625
58,GSFI11,Shoppings,2.7,0.015288238359149258,0.0,0.015957446808510637,0.006097560975609756,0.0,0.0,0.0032751091703056767,0.6508094645080946,0.6435424354243543,0.6718297872340425,0.2194179700727614,0.002865722264016219,0.0,0.05231930960086299,0.15625
59,GTWR11,Lajes Corporativas,117.56,0.2625053289754157,0.027533918595371108,0.324468085106383,0.3597560975609756,0.5660377358490566,0.43165467625899284,0.5240174672489083,0.6376089663760897,0.6447724477244772,0.6977021276595744,0.3170495669061269,0.030305252017799995,0.7578125,0.0,0.015625
60,HABT11,Títulos e Val. Mob.,113.57,0.16772061958220832,0.03870710295291301,0.473404255319149,0.48170731707317077,0.7547169811320755,0.0,0.7205240174672488,0.8037359900373598,0.8169741697416975,0.6818723404255318,0.10411723810762119,0.0314336899282135,0.6953125,0.05231930960086299,0.0
61,HBRH11,Híbrido,96.99,0.013429018047463407,0.027932960893854747,0.3723404255319149,0.41463414634146345,0.6415094339622641,0.0,0.5633187772925764,0.625653798256538,0.6351783517835179,0.7431489361702127,0.05878390954327387,0.030455072870312523,0.59375,0.05231930960086299,0.046875
62,HBTT11,Títulos e Val. Mob.,1033.0,9.47373407228459e-05,0.35913806863527536,0.4574468085106383,0.5365853658536586,0.7830188679245282,0.5323741007194245,0.722707423580786,0.23860523038605227,0.25338253382533826,0.002553191489361678,0.04392320623913826,0.2929890216379563,0.6953125,0.05231930960086299,0.0
63,HCRI11,Hospital,440.16,0.00035526502771067214,0.10375099760574621,0.3191489361702128,0.3719512195121951,0.5849056603773585,0.4460431654676259,0.5502183406113537,0.6565379825653799,0.6632226322263223,0.7800851063829787,0.014764155677690061,0.0921238859066393,1.0,0.0,0.015625
64,HCTR11,Outros,127.04,0.35331107005826345,0.08459696727853153,0.8723404255319149,0.6890243902439024,1.0,0.7410071942446044,1.0,0.6948941469489415,0.7271832718327184,0.8294468085106382,0.08701962810608203,0.03627258469659684,0.671875,0.05231930960086299,0.0
65,HFOF11,Títulos e Val. Mob.,104.85,0.34814788498886834,0.019952114924181964,0.23404255319148937,0.36585365853658536,0.6415094339622641,0.49640287769784175,0.5720524017467249,0.5803237858032378,0.5837638376383764,0.6131063829787233,0.5096053084456138,0.030917286138702236,0.640625,0.05231930960086299,0.0
66,HGBS11,Shoppings,211.49,0.1119676945668135,0.009976057462090982,0.06382978723404255,0.07926829268292683,0.1792452830188679,0.2517985611510791,0.23362445414847163,0.7623910336239104,0.7562115621156211,0.24374468085106377,0.6143919362531249,0.07158567840157089,0.546875,0.08425026968716288,0.25
67,HGCR11,Títulos e Val. Mob.,102.5,0.22741698640519162,0.019154030327214685,0.2446808510638298,0.2804878048780488,0.5,0.38129496402877705,0.45742358078602624,0.7457036114570361,0.7483394833948339,0.5453617021276596,0.34937917791761136,0.0324441837632448,0.5859375,0.05231930960086299,0.0
68,HGFF11,Títulos e Val. Mob.,98.97,0.028551466060347686,0.021947326416600164,0.29255319148936176,0.3353658536585366,0.5377358490566037,0.3956834532374101,0.490174672489083,0.7195516811955168,0.7247232472324724,0.5497872340425531,0.04818374230327905,0.031287056753414005,0.5859375,0.05231930960086299,0.0
69,HGLG11,Logística,168.63,0.700499739472313,0.031125299281723865,0.22872340425531915,0.25609756097560976,0.4150943396226415,0.3165467625899281,0.3810043668122271,0.6784557907845579,0.6806888068880689,0.6442553191489361,0.6970163580481349,0.0436839353793974,0.7578125,0.09924487594390506,0.21875
70,HGPO11,Lajes Corporativas,224.98,0.014684287812041116,0.03750997605746209,0.22872340425531915,0.2682926829268293,0.42452830188679247,0.30935251798561153,0.3810043668122271,0.7800747198007473,0.781549815498155,0.718127659574468,0.08989274280402815,0.06400219312226657,0.6796875,0.0,0.03125
71,HGRE11,Lajes Corporativas,150.0,0.3124911183743072,0.025937749401436554,0.23404255319148937,0.2621951219512195,0.3962264150943396,0.30935251798561153,0.35917030567685587,0.7728518057285181,0.7746617466174661,0.2737021276595744,0.4785712356443189,0.051337549568388444,0.53125,0.2948220064724919,0.34375
72,HGRU11,Híbrido,132.83,0.5201553692387855,0.02713487629688747,0.2765957446808511,0.3231707317073171,0.5283018867924528,0.40287769784172667,0.48362445414847155,0.7043586550435865,0.7087330873308733,0.7310638297872339,0.3645008829798657,0.03343555153199791,0.78125,0.0,0.234375
73,HLOG11,Logística,118.0,0.01161716640613898,0.025139664804469275,0.2819148936170213,0.31097560975609756,0.49056603773584906,0.0,0.4028384279475982,0.5539227895392279,0.5594095940959409,0.8954893617021277,0.05045018880715591,0.03496563683425351,0.640625,0.0,0.03125
74,HMOC11,Shoppings,233.0,0.02331722798541045,0.009976057462090982,0.05851063829787234,0.030487804878048783,0.08490566037735849,0.20863309352517986,0.1703056768558952,0.9305105853051059,0.9222632226322263,0.4789787234042553,0.022930837774087408,0.07297869356216609,0.6015625,0.04314994606256742,0.015625
75,HPDP11,Shoppings,91.7,0.0006631613850599213,0.0023942537909018356,0.037234042553191495,0.012195121951219513,0.0,0.0,0.0927947598253275,0.7972602739726027,0.7891758917589176,0.8052765957446808,0.07425530698293244,0.029568898466089486,0.5703125,0.04854368932038835,0.015625
76,HSML11,Shoppings,92.66,0.2863317701672114,0.010375099760574621,0.14893617021276598,0.1402439024390244,0.22641509433962262,0.28057553956834536,0.267467248908297,0.8074719800747199,0.804920049200492,0.28136170212765954,0.42516741993829404,0.030894972394711007,0.546875,0.0517799352750809,0.078125
78,HUSC11,Outros,145.08,0.10828478044621287,0.02913008778930567,0.25,0.2865853658536585,0.2641509433962264,0.1510791366906475,0.1539301310043668,0.8054794520547944,0.8078720787207871,0.9370212765957446,0.018492429122504535,0.030764277608476675,0.9609375,0.05231930960086299,0.0
79,IBFF11,Títulos e Val. Mob.,73.05,0.060051631850693954,0.013966480446927373,0.2446808510638298,0.29878048780487804,0.4339622641509434,0.0,0.482532751091703,0.6983810709838107,0.70159901599016,0.2597446808510638,0.015064007353804343,0.027516034018896556,0.4609375,0.05231930960086299,0.0
80,IRDM11,Títulos e Val. Mob.,120.99,0.7111340059684524,0.04189944134078213,0.46808510638297873,0.48780487804878053,0.6981132075471698,0.5395683453237411,0.6670305676855895,0.7315068493150685,0.7448954489544896,0.7957446808510639,0.304524304856051,0.03037856860519974,0.78125,0.05231930960086299,0.0
81,JRDM11,Shoppings,76.25,0.005305291080479371,0.006384676775738229,0.11702127659574468,0.042682926829268296,0.09433962264150944,0.2302158273381295,0.0665938864628821,0.613200498132005,0.6108241082410824,0.22144680851063828,0.060662464755187974,0.027882616955895292,0.4765625,0.0238403451995685,0.015625
82,JSRE11,Híbrido,98.3,0.2257827672777225,0.020750199521149242,0.2819148936170213,0.29878048780487804,0.42452830188679247,0.32374100719424465,0.38318777292576417,0.6455790784557908,0.650430504305043,0.4542978723404255,0.6310225541656039,0.03493376005712319,0.5,0.032362459546925564,0.0625
83,KFOF11,Títulos e Val. Mob.,112.01,0.0122803277911989,0.01835594573024741,0.21808510638297873,0.32926829268292684,0.4716981132075471,0.3309352517985612,0.42139737991266374,0.6371108343711083,0.639360393603936,0.5217021276595745,0.125231157485513,0.03400933352034376,0.6171875,0.05231930960086299,0.0
85,KNHY11,Títulos e Val. Mob.,108.49,0.10454265548766047,0.025937749401436554,0.3191489361702128,0.2621951219512195,0.42452830188679247,0.38129496402877705,0.4716157205240175,0.6485678704856787,0.6551045510455105,0.6097021276595744,0.3075569428717854,0.033081719305851305,0.6171875,0.05231930960086299,0.0
86,KNIP11,Títulos e Val. Mob.,110.3,0.8125266448770783,0.029928172386272947,0.3563829787234043,0.3597560975609756,0.5283018867924528,0.4172661870503597,0.5229257641921398,0.6963885429638855,0.7045510455104551,0.6709787234042552,0.9814735876047697,0.033135909826972856,0.625,0.05231930960086299,0.0
88,KNRI11,Híbrido,166.0,0.25274738288096255,0.025937749401436554,0.21276595744680854,0.24390243902439027,0.37735849056603776,0.2949640287769784,0.3537117903930131,0.7711083437110835,0.771709717097171,0.5603404255319149,1.0,0.0490487969704311,0.6484375,0.06375404530744337,0.296875
89,LASC11,Shoppings,95.2,0.03389228364359812,0.007980845969672787,0.10638297872340427,0.10975609756097561,0.0,0.0,0.07641921397379912,0.9643835616438357,0.9581795817958181,0.6675744680851063,0.06465695564992399,0.029807974294566924,0.59375,0.060409924487594385,0.046875
90,LGCP11,Logística,99.98,0.0201198427360144,0.020750199521149242,0.2765957446808511,0.2865853658536585,0.4339622641509434,0.0,0.36790393013100436,0.6737235367372354,0.6782287822878229,0.6423829787234042,0.044609406739149135,0.029578461499228586,0.6328125,0.033872707659115424,0.046875
91,LUGG11,Residencial,107.1,0.002581592534697551,0.018754988028731046,0.23404255319148937,0.27439024390243905,0.4339622641509434,0.0,0.3548034934497816,0.6525529265255293,0.6553505535055351,0.7193191489361702,0.025428319785213715,0.03371287949303174,0.59375,0.3775620280474649,0.0625
92,LVBI11,Logística,123.29,0.27845672871962485,0.026735833998403832,0.2872340425531915,0.3231707317073171,0.5,0.3525179856115108,0.4028384279475982,0.4555417185554172,0.4622386223862239,0.7293617021276595,0.21980590386063908,0.033591747739936506,0.7109375,0.07227615965480043,0.09375
93,MALL11,Shoppings,91.82,0.1264151390270475,0.011971268954509178,0.17553191489361705,0.13414634146341464,0.22641509433962262,0.24460431654676262,0.2783842794759825,0.8391033623910336,0.8376383763837638,0.32868085106382977,0.2156391347243404,0.032839455799660834,0.5,0.032362459546925564,0.109375
94,MAXR11,Outros,1925.0,0.0007105300554213443,0.4389465283320032,0.29787234042553196,0.5182926829268293,0.6037735849056604,0.43165467625899284,0.4192139737991266,0.7740971357409714,0.779089790897909,0.4323404255319149,0.03476630339547463,0.7110051385364734,0.4921875,0.0,0.125
95,MBRF11,Outros,1270.0,0.00040263369807209514,0.35913806863527536,0.3776595744680851,0.4268292682926829,0.6792452830188679,0.49640287769784175,0.6179039301310044,0.6485678704856787,0.6580565805658056,0.715063829787234,0.03433323683847869,0.40893442309408745,0.59375,0.0,0.03125
96,MCCI11,Títulos e Val. Mob.,102.01,0.3571597745251291,0.023942537909018357,0.30851063829787234,0.35365853658536583,0.5660377358490566,0.0,0.5480349344978165,0.7148194271481942,0.7207872078720787,0.7474042553191489,0.19262552261289084,0.03060489372282505,0.625,0.05231930960086299,0.0
97,MFAI11,Híbrido,120.0,0.0033750177632513854,0.04429369513168396,0.4787234042553192,0.0,0.0,0.0,0.4312227074235808,0.8535491905354918,0.8669126691266912,0.883063829787234,0.0,0.02977290983972357,0.796875,0.05231930960086299,0.0
98,MFII11,Híbrido,126.17,0.038700203685282555,0.03910614525139665,0.41489361702127664,0.46951219512195125,0.7924528301886792,0.5827338129496403,0.715065502183406,0.7165628891656289,0.727429274292743,0.644595744680851,0.07749893321767314,0.03604625957897153,0.671875,0.05231930960086299,0.140625
99,MGFF11,Títulos e Val. Mob.,92.79,0.3040121263796125,0.019952114924181964,0.2765957446808511,0.35365853658536583,0.5849056603773585,0.45323741007194246,0.546943231441048,0.6891656288916562,0.6937269372693727,0.45514893617021274,0.21059224171398855,0.026623484259247456,0.65625,0.05231930960086299,0.0
100,MGHT11,Hotel,97.0,0.0010302685803609492,0.023942537909018357,0.3191489361702128,0.4634146341463415,0.0,0.0,0.28493449781659386,0.6508094645080946,0.6575645756457565,0.7160851063829787,0.02137754662226162,0.03076108993076364,0.5859375,0.05231930960086299,0.0
101,MORE11,Títulos e Val. Mob.,108.5,0.006655298185779925,0.035913806863527534,0.4468085106382979,0.45121951219512196,0.0,0.0,0.27510917030567683,0.6757160647571606,0.6883148831488315,0.7925106382978723,0.014690000022104476,0.030799342063320034,0.671875,0.05231930960086299,0.0
103,NCHB11,Títulos e Val. Mob.,94.35,0.00011842167590355739,0.03990422984836393,0.0,0.0,0.0,0.0,0.0,0.6508094645080946,0.6428044280442804,0.6713191489361702,0.01302497559863491,0.02807068994096421,0.6328125,0.05231930960086299,0.0
104,NEWL11,Híbrido,102.4,0.002356591350480792,0.027932960893854747,0.3670212765957447,0.3475609756097561,0.36792452830188677,0.0,0.38209606986899564,0.739975093399751,0.7485854858548586,0.41770212765957443,0.025333555066383448,0.03537047190380864,0.5234375,0.0,0.015625
105,NEWU11,Lajes Corporativas,46.9,0.0009000047368670362,0.0,0.0,0.0,0.08490566037735849,1.0,0.0665938864628821,0.550186799501868,0.5434194341943419,0.13310638297872335,0.012864637762283923,0.021137490915118518,0.3515625,0.45631067961165045,0.046875
109,ONEF11,Lajes Corporativas,150.99,0.007200037894936289,0.025139664804469275,0.22340425531914895,0.25609756097560976,0.40566037735849053,0.2877697841726619,0.3602620087336244,0.6826899128268992,0.6848708487084871,0.5462127659574467,0.03702758775489039,0.04829650503015543,0.5859375,0.11111111111111112,0.015625
110,OUCY11,Títulos e Val. Mob.,82.94,0.005281606745298659,0.021947326416600164,0.3510638297872341,0.39634146341463417,0.6132075471698113,0.45323741007194246,0.5633187772925764,0.6037359900373599,0.61230012300123,0.4168510638297872,0.021057354663883213,0.03035944253892155,0.484375,0.05231930960086299,0.0
111,OUFF11,Títulos e Val. Mob.,83.14,0.026171190374686182,0.017158818834796488,0.26595744680851063,0.3719512195121951,0.6509433962264151,0.4676258992805756,0.6080786026200874,0.4189290161892902,0.42509225092250924,0.4250212765957447,0.04254245656385202,0.027369400844097058,0.5546875,0.05231930960086299,0.0
112,OUJP11,Títulos e Val. Mob.,101.73,0.05090947847093932,0.01835594573024741,0.23404255319148937,0.29878048780487804,0.5283018867924528,0.43165467625899284,0.519650655021834,0.7008717310087174,0.7033210332103321,0.6042553191489362,0.06164483575920632,0.031411376184222274,0.6015625,0.05231930960086299,0.0
113,OULG11,Outros,92.8,0.073468807730567,0.024341580207501996,0.34574468085106386,0.4024390243902439,0.6320754716981132,0.4676258992805756,0.5393013100436681,0.6129514321295143,0.6214022140221402,0.5242553191489361,0.06376560338013651,0.029843038749410283,0.5703125,0.0,0.03125
115,PATC11,Lajes Corporativas,90.3,0.03777651461323481,0.01157222665602554,0.17553191489361705,0.18902439024390244,0.29245283018867924,0.2302158273381295,0.27510917030567683,0.6278953922789539,0.6282902829028291,0.3926808510638297,0.09240522451231857,0.030732400831346346,0.53125,0.0,0.078125
116,PLCR11,Híbrido,83.25,0.18055752925015395,0.01636073423782921,0.26595744680851063,0.24390243902439027,0.3584905660377358,0.0,0.31004366812227074,0.6239103362391033,0.6285362853628537,0.4442553191489361,0.053874239231999535,0.029744220740306273,0.5,0.05231930960086299,0.0
117,PLRI11,Títulos e Val. Mob.,40.5,0.0007223722230117,0.007581803671189147,0.23404255319148937,0.3048780487804878,0.4811320754716981,0.3597122302158274,0.4017467248908297,1.0,1.0,0.3562553191489361,0.0141655233020551,0.017835056804416848,0.359375,0.05231930960086299,0.0
118,PORD11,Títulos e Val. Mob.,99.6,0.006998721045900241,0.026336791699920193,0.3510638297872341,0.5060975609756098,0.7075471698113207,0.748201438848921,0.6408296943231441,0.6846824408468244,0.6927429274292743,0.6624680851063829,0.0526128537912292,0.03111173447919722,0.59375,0.05231930960086299,0.0
120,PRSV11,Lajes Corporativas,384.98,5.9210837951778695e-05,0.07661612130885874,0.2819148936170213,0.22560975609756098,0.4811320754716981,0.3597122302158274,0.4410480349344978,0.7417185554171856,0.7461254612546125,0.3977872340425532,0.01819045811819264,0.11521223558213368,0.6484375,0.20377562028047466,0.03125
121,QAGR11,Outros,83.74,0.16254559234522287,0.011971268954509178,0.18617021276595744,0.22560975609756098,0.32075471698113206,0.0,0.23034934497816592,0.764881693648817,0.7645756457564575,0.4668936170212766,0.13037227675455193,0.02979203590600176,0.5,0.05231930960086299,0.171875
122,RBBV11,Títulos e Val. Mob.,91.31,0.0009592155748188149,0.010774142059058262,0.15425531914893617,0.06097560975609757,0.18867924528301888,0.23741007194244607,0.27620087336244536,0.6508094645080946,0.6499384993849938,0.6364255319148936,0.03296021952594915,0.031006541114667146,0.53125,0.05231930960086299,0.015625
124,RBCO11,Lajes Corporativas,85.6,0.029806735824925393,0.015961691939345574,0.2553191489361702,0.2682926829268293,0.4811320754716981,0.38848920863309355,0.527292576419214,0.5372353673723537,0.5419434194341944,0.009702127659574473,0.10377404284104613,0.03174927002180372,0.4765625,0.2912621359223301,0.046875
126,RBED11,Outros,162.87,0.06270427739093364,0.03990422984836393,0.31382978723404253,0.3597560975609756,0.5943396226415094,0.4244604316546763,0.5338427947598253,0.7374844333748444,0.743419434194342,0.6578723404255319,0.07130435840885,0.04676004437247377,0.671875,0.0,0.078125
127,RBFF11,Títulos e Val. Mob.,74.44,0.08141490218369571,0.021947326416600164,0.4095744680851064,0.4329268292682927,0.5377358490566037,0.5971223021582734,0.546943231441048,0.7980074719800747,0.8081180811808119,0.33446808510638293,0.05694269262248029,0.024025526923125966,0.5625,0.05231930960086299,0.0
128,RBGS11,Shoppings,38.9,0.0006394770498792099,0.0019952114924181967,0.06382978723404255,0.024390243902439025,0.24528301886792453,0.2733812949640288,0.16812227074235808,0.7828144458281445,0.7763837638376384,0.067063829787234,0.024301488609558455,0.02676055440090785,0.171875,0.14563106796116504,0.015625
129,RBIV11,Títulos e Val. Mob.,81.45,0.019717209037942305,0.019154030327214685,0.30851063829787234,0.3475609756097561,0.4811320754716981,0.0,0.39082969432314413,0.735491905354919,0.7412054120541205,0.4241702127659574,0.02608223735770437,0.030257436852104507,0.46875,0.05231930960086299,0.0
131,RBRF11,Títulos e Val. Mob.,96.55,0.38489413102174225,0.023942537909018357,0.324468085106383,0.32926829268292684,0.5377358490566037,0.4244604316546763,0.5010917030567685,0.5033623910336239,0.5114391143911439,0.35251063829787227,0.2368337440268715,0.029568898466089486,0.609375,0.05231930960086299,0.0
132,RBRL11,Logística,113.4,0.2410946899720525,0.030327214684756586,0.3510638297872341,0.4329268292682927,0.0,0.0,0.39301310043668125,0.5417185554171856,0.5507995079950799,0.9937021276595744,0.08768699271384539,0.03162495059099545,0.6875,0.0,0.078125
133,RBRP11,Outros,94.0,0.3735848609729525,0.022346368715083803,0.3297872340425532,0.35365853658536583,0.5094339622641509,0.3309352517985612,0.4737991266375546,0.7521793275217933,0.7586715867158672,0.7382127659574468,0.1987107638436326,0.02659160748211713,0.671875,0.0970873786407767,0.1875
134,RBRR11,Títulos e Val. Mob.,99.81,0.18951020794846288,0.019952114924181964,0.26595744680851063,0.3170731707317073,0.5094339622641509,0.3956834532374101,0.482532751091703,0.7374844333748444,0.7412054120541205,0.6355744680851063,0.19615593604098447,0.03035944253892155,0.6171875,0.05231930960086299,0.0
135,RBRY11,Títulos e Val. Mob.,101.3,0.023719861683482543,0.023942537909018357,0.30851063829787234,0.3719512195121951,0.5943396226415094,0.45323741007194246,0.5665938864628821,0.7514321295143213,0.7571955719557196,0.6032340425531915,0.054276292460750344,0.03240593163068841,0.578125,0.05231930960086299,0.0
137,RBVO11,Outros,21.45,0.0013263227701198427,0.005985634477254589,0.3776595744680851,0.34146341463414637,0.42452830188679247,0.34532374100719426,0.3962882096069869,0.5476961394769614,0.5576875768757688,0.13480851063829785,0.00311858710472923,0.00854935162635317,0.3828125,0.05231930960086299,0.0
138,RCRB11,Lajes Corporativas,172.9,0.03487518355359765,0.03391859537110934,0.2712765957446809,0.36585365853658536,0.4716981132075471,0.30935251798561153,0.3602620087336244,0.48443337484433374,0.4902829028290283,0.021446808510638266,0.15813165588009742,0.0620736481058819,0.5,0.0,0.15625
139,RDPD11,Títulos e Val. Mob.,81.25,0.0006986878878309886,0.012370311252992818,0.19680851063829788,0.29878048780487804,0.4339622641509434,0.3381294964028777,0.4104803493449781,0.7026151930261519,0.7035670356703567,0.6222978723404254,0.027392385318777027,0.03013630509900927,0.46875,0.05231930960086299,0.0
140,RECR11,Títulos e Val. Mob.,102.0,0.19241153900810004,0.035913806863527534,0.4574468085106383,0.4573170731707317,0.7075471698113207,0.525179856115108,0.7063318777292577,0.7514321295143213,0.764329643296433,0.7380425531914894,0.18987577876376785,0.030101240644165916,0.640625,0.05231930960086299,0.0
141,RECT11,Híbrido,96.5,0.31561745061816115,0.02873104549082203,0.3829787234042553,0.48170731707317077,0.7735849056603773,0.6258992805755396,0.7117903930131004,0.7287671232876712,0.7380073800738007,0.7162553191489361,0.18047822116167753,0.02974103306259324,0.6015625,0.10463861920172599,0.109375
142,RFOF11,Títulos e Val. Mob.,82.5,0.04908578466202454,0.01675977653631285,0.2765957446808511,0.24390243902439027,0.0,0.0,0.1943231441048035,0.8779576587795767,0.8811808118081181,0.6536170212765957,0.026784954841383532,0.02947008045698548,0.5,0.05231930960086299,0.0
143,RNDP11,Títulos e Val. Mob.,780.0,0.00010657950831320165,0.12450119712689546,0.18085106382978725,0.20731707317073172,0.3584905660377358,0.302158273381295,0.3286026200873362,0.6557907845579078,0.6563345633456334,0.5758297872340425,0.030469135679535894,0.3443903247606054,0.3828125,0.05231930960086299,0.0
144,RNGO11,Lajes Corporativas,70.77,0.1157690303633177,0.01675977653631285,0.30851063829787234,0.3719512195121951,0.5566037735849056,0.3956834532374101,0.48908296943231444,0.7387297633872977,0.7444034440344404,0.19182978723404248,0.0732496042688448,0.03177795912122101,0.359375,0.21898597626752966,0.046875
145,RVBI11,Títulos e Val. Mob.,89.21,0.1510350054473971,0.02314445331205108,0.3510638297872341,0.3780487804878049,0.0,0.0,0.3231441048034934,0.9449564134495642,0.9515375153751537,0.5206808510638298,0.035968238320100064,0.02934576102617721,0.5546875,0.05231930960086299,0.0
146,SADI11,Títulos e Val. Mob.,87.24,0.32274643550755533,0.008379888268156424,0.13297872340425532,0.18292682926829268,0.32075471698113206,0.23741007194244607,0.2980349344978166,0.9668742216687423,0.9621156211562116,0.4417021276595744,0.08536471435300035,0.031083045379779926,0.5,0.05231930960086299,0.0
147,SARE11,Híbrido,100.99,0.0945004973710388,0.009976057462090982,0.13297872340425532,0.17073170731707318,0.27358490566037735,0.0,0.2412663755458515,0.8057285180572853,0.8022140221402214,0.6120851063829787,0.09646797497899161,0.030984227370675917,0.609375,0.0,0.03125
148,SCPF11,Shoppings,9.0,0.03716072189853631,0.0007980845969672786,0.13829787234042554,0.21951219512195122,0.4339622641509434,0.36690647482014394,0.20305676855895197,0.6179327521793275,0.6167281672816728,0.12646808510638297,0.012026988676927166,0.0027350274777818862,0.4296875,0.2815533980582524,0.015625
149,SDIL11,Logística,101.74,0.05463976126190138,0.021947326416600164,0.2872340425531915,0.2865853658536585,0.4433962264150943,0.3381294964028777,0.40720524017467247,0.5902864259028643,0.5958179581795818,0.49208510638297864,0.1225136614942295,0.029588024532367682,0.6484375,0.0442286947141316,0.046875
150,SHPH11,Shoppings,897.0,0.0003078963573492492,0.07382282521947327,0.10638297872340427,0.14634146341463414,0.11320754716981131,0.18705035971223025,0.1779475982532751,0.6224159402241594,0.619680196801968,0.5395744680851063,0.12832112512008148,0.24935927677968048,0.7109375,0.09061488673139159,0.015625
151,SPTW11,Lajes Corporativas,89.97,0.06702666856141348,0.029928172386272947,0.4787234042553192,0.6036585365853658,0.830188679245283,0.6187050359712231,0.759825327510917,0.9785803237858033,0.9916359163591637,0.699063829787234,0.035860876468063144,0.023247733561146035,0.75,0.0,0.015625
152,TEPP11,Lajes Corporativas,93.0,0.016294822604329497,0.019952114924181964,0.2872340425531915,0.3353658536585366,0.5188679245283019,0.0,0.47925764192139736,0.7397260273972602,0.7441574415744158,0.5038297872340425,0.09332611706201871,0.029811161972279957,0.5703125,0.1186623516720604,0.046875
153,TGAR11,Outros,130.61,0.36165979820946426,0.043495610534716685,0.4308510638297873,0.5304878048780488,0.820754716981132,0.5467625899280576,0.6692139737991266,0.7606475716064757,0.7722017220172203,0.716595744680851,0.11780745535521847,0.0394762007981945,0.625,0.05231930960086299,0.0
154,THRA11,Lajes Corporativas,132.04,0.0014329022784330444,0.014365522745411015,0.13829787234042554,0.23170731707317074,0.3962264150943396,0.302158273381295,0.36572052401746724,0.614694894146949,0.613530135301353,0.5703829787234043,0.046172607184617055,0.03683680365180359,0.6875,0.10582524271844661,0.015625
155,TORD11,Outros,10.66,0.36257164511392165,0.004389465283320032,0.547872340425532,0.5487804878048781,0.0,0.0,0.5131004366812227,0.6276463262764632,0.6450184501845019,0.8522553191489362,0.010201933186859581,0.0022409374322618484,0.65625,0.05231930960086299,0.0
156,TRNT11,Lajes Corporativas,181.12,0.01489744682866752,0.017956903431763767,0.1276595744680851,0.1524390243902439,0.22641509433962262,0.20863309352517986,0.21724890829694324,0.7561643835616438,0.7530135301353014,0.3075744680851063,0.23554592370842703,0.06990258456908972,0.4609375,0.4250269687162891,0.015625
157,TRXF11,Outros,101.4,0.6405902136327033,0.013567438148443736,0.17553191489361705,0.32926829268292684,0.5849056603773585,0.0,0.5338427947598253,0.5716064757160647,0.5726937269372694,0.5329361702127658,0.11166429831469821,0.030027924056766166,0.6328125,0.0,0.5
158,VCJR11,Títulos e Val. Mob.,102.75,0.05904504760551371,0.024341580207501996,0.324468085106383,0.3170731707317073,0.42452830188679247,0.0,0.3558951965065502,0.6273972602739726,0.6346863468634687,0.6071489361702127,0.15819187342748678,0.03135718566310072,0.609375,0.05231930960086299,0.0
159,VGIP11,Outros,99.31,0.025283027805409503,0.029928172386272947,0.398936170212766,0.4329268292682927,0.0,0.0,0.44323144104803486,0.6632627646326277,0.6738007380073802,1.0,0.04190529315731612,0.029562523110663423,0.6328125,0.05231930960086299,0.0
160,VGIR11,Títulos e Val. Mob.,85.87,0.12315854293969969,0.01636073423782921,0.26063829787234044,0.3231707317073171,0.5283018867924528,0.4172661870503597,0.48908296943231444,0.6816936488169365,0.6853628536285363,0.3724255319148936,0.11700658895421898,0.029935481403088222,0.515625,0.05231930960086299,0.0
161,VIFI11,Títulos e Val. Mob.,96.0,0.05276869878262517,0.025937749401436554,0.3510638297872341,0.0,0.0,0.0,0.21943231441048033,0.6291407222914072,0.6376383763837639,0.6786382978723404,0.075941530567142,0.031322121208257364,0.5625,0.05231930960086299,0.0
162,VILG11,Logística,129.59,1.0,0.023942537909018357,0.25,0.2926829268292683,0.45283018867924524,0.3597122302158274,0.4268558951965066,0.7534246575342466,0.7562115621156211,0.5974468085106382,0.3276874064554581,0.03506445484335752,0.71875,0.0,0.15625
163,VINO11,Lajes Corporativas,58.9,0.5364028231727536,0.013966480446927373,0.3191489361702128,0.3902439024390244,0.6226415094339622,0.0,0.5556768558951964,0.6537982565379826,0.6605166051660516,0.5346382978723404,0.16176230622014098,0.01836421130478024,0.578125,0.05285868392664509,0.109375
164,VISC11,Shoppings,110.11,0.22354459760314527,0.005985634477254589,0.07446808510638299,0.10365853658536586,0.20754716981132074,0.2733812949640288,0.2467248908296943,0.7920298879202988,0.7859778597785978,0.3540425531914893,0.4681336687017585,0.0378090453542785,0.53125,0.0819848975188781,0.21875
165,VLOL11,Lajes Corporativas,104.87,0.01768035621240112,0.019553072625698324,0.2553191489361702,0.27439024390243905,0.4150943396226415,0.30935251798561153,0.37336244541484714,0.6019925280199253,0.606150061500615,0.5065531914893616,0.04275173798264546,0.027975059609573236,0.7265625,0.08629989212513484,0.015625
166,VOTS11,Títulos e Val. Mob.,81.15,1.1842167590355738e-05,0.012370311252992818,0.2021276595744681,0.2378048780487805,0.38679245283018865,0.3309352517985612,0.36572052401746724,0.7130759651307597,0.7138991389913899,0.4725106382978723,0.02082040734938847,0.03017136955385263,0.46875,0.05231930960086299,0.0
167,VRTA11,Títulos e Val. Mob.,103.99,0.26836720193264174,0.020351157222665603,0.26063829787234044,0.3902439024390244,0.6132075471698113,0.4388489208633094,0.5600436681222707,0.4948941469489414,0.5001230012300123,0.39421276595744675,0.27629411723342084,0.03174927002180372,0.609375,0.05231930960086299,0.0
168,VSHO11,Shoppings,87.7,0.00026052768698782625,0.0,0.0,0.2378048780487805,0.45283018867924524,0.38848920863309355,0.12882096069868995,0.0,0.0,0.19778723404255316,0.054735777097792725,0.03037856860519974,0.515625,0.061165048543689315,0.046875
169,VTLT11,Logística,117.63,0.02100800530529108,0.02873104549082203,0.3351063829787234,0.25609756097560976,0.5188679245283019,0.4244604316546763,0.4978165938864628,0.6737235367372354,0.6811808118081181,0.7046808510638297,0.05712179078745522,0.03146875438305686,0.7265625,0.0,0.015625
170,VVPR11,Híbrido,99.9,0.006927668040358107,0.019553072625698324,0.2553191489361702,0.3353658536585366,0.5566037735849056,0.0,0.4596069868995633,0.624159402241594,0.6282902829028291,0.6597446808510637,0.050442562218863264,0.031121297512336315,0.59375,0.0,0.0625
171,WPLZ11,Shoppings,76.66,0.0025342238643361282,0.0019952114924181967,0.031914893617021274,0.07317073170731707,0.330188679245283,0.302158273381295,0.23253275109170304,0.6341220423412204,0.6280442804428044,0.25889361702127656,0.024724528465367362,0.028800668137248655,0.4609375,0.1262135922330097,0.015625
172,WTSP11B,Híbrido,52.0,0.0,0.0051875498802873106,0.13297872340425532,0.17073170731707318,0.36792452830188677,0.0,0.351528384279476,0.5738480697384807,0.5726937269372694,0.3089361702127659,0.023438267661510564,0.0281185051066597,0.265625,0.05231930960086299,0.0
173,XPCI11,Outros,89.98,0.17796409454786605,0.023942537909018357,0.3670212765957447,0.4024390243902439,0.6320754716981132,0.0,0.5764192139737991,0.7728518057285181,0.7810578105781059,0.46399999999999997,0.17725632886581463,0.03003429941219223,0.546875,0.05231930960086299,0.0
175,XPHT11,Hotel,94.0,0.0008052673961441903,0.013567438148443736,0.21276595744680854,0.21341463414634146,0.3490566037735849,0.0,0.1146288209606987,0.19576587795765876,0.20147601476014756,0.3838297872340425,0.126973428877252,0.03894385862011807,0.40625,1.0,0.078125
176,XPIN11,Outros,114.74,0.17660224527497514,0.024740622505985636,0.2872340425531915,0.3231707317073171,0.5,0.38848920863309355,0.48362445414847155,0.6338729763387297,0.6391143911439114,0.5365106382978723,0.19667360669451464,0.03443967001160315,0.625,0.09600862998921252,0.078125
177,XPLG11,Logística,129.5,0.5457818199043153,0.02314445331205108,0.2446808510638298,0.27439024390243905,0.45283018867924524,0.3525179856115108,0.4170305676855895,0.6660024906600249,0.6691266912669127,0.6241702127659573,0.7143476638910153,0.034063524041465315,0.7421875,0.10787486515641855,0.203125
178,XPML11,Shoppings,105.99,0.45102079484628865,0.007182761372705507,0.08510638297872342,0.12195121951219513,0.1320754716981132,0.1798561151079137,0.1331877729257642,0.6485678704856787,0.6445264452644527,0.321531914893617,0.5474983025959348,0.03457036479783748,0.5625,0.045307443365695796,0.203125
179,XPPR11,Outros,84.2,0.1444507602671593,0.02873104549082203,0.4095744680851064,0.5121951219512195,0.7547169811320755,0.0,0.6320960698689956,0.7763387297633872,0.7867158671586716,0.5281702127659574,0.1267007529816156,0.030215997041835085,0.4921875,0.17259978425026967,0.0625
180,XPSF11,Outros,96.38,0.08966889299417366,0.027932960893854747,0.3776595744680851,0.4634146341463415,0.7169811320754716,0.0,0.5731441048034934,0.7123287671232876,0.7215252152521525,0.7586382978723404,0.08994290424017884,0.031070294668927793,0.5703125,0.05231930960086299,0.0